0 0.5048828125 0.791015625 0.087890625 0.0849609375
0 0.419921875 0.8515625 0.078125 0.08203125
0 0.2431640625 0.6611328125 0.0498046875 0.064453125
0 0.1796875 0.6845703125 0.0771484375 0.0751953125
0 0.287109375 0.6591796875 0.03515625 0.0654296875
0 0.0390625 0.8193359375 0.0341796875 0.078125
0 0.0146484375 0.83203125 0.029296875 0.08203125
0 0.072265625 0.8125 0.0380859375 0.083984375
0 0.1171875 0.814453125 0.0205078125 0.0537109375
0 0.1435546875 0.751953125 0.041015625 0.0400390625
0 0.0185546875 0.7265625 0.037109375 0.06640625
0 0.076171875 0.697265625 0.0546875 0.0654296875
0 0.1640625 0.53515625 0.0498046875 0.044921875
0 0.2060546875 0.529296875 0.0244140625 0.060546875
0 0.2333984375 0.5380859375 0.037109375 0.07421875
0 0.275390625 0.5341796875 0.048828125 0.0732421875
0 0.3271484375 0.6044921875 0.044921875 0.1025390625
0 0.4755859375 0.490234375 0.0556640625 0.072265625
0 0.5068359375 0.5546875 0.0341796875 0.0771484375
0 0.5126953125 0.6015625 0.05078125 0.0615234375
0 0.525390625 0.6611328125 0.0947265625 0.0751953125
0 0.3203125 0.7294921875 0.064453125 0.0693359375
0 0.234375 0.7744140625 0.06640625 0.044921875
0 0.2177734375 0.7978515625 0.0771484375 0.083984375
0 0.1953125 0.8095703125 0.0546875 0.056640625
0 0.1767578125 0.8330078125 0.0595703125 0.0703125
0 0.0966796875 0.9697265625 0.05078125 0.0556640625
0 0.0224609375 0.9541015625 0.044921875 0.060546875
0 0.138671875 0.94140625 0.0576171875 0.056640625
0 0.2109375 0.9306640625 0.0458984375 0.0556640625
0 0.2724609375 0.9736328125 0.0888671875 0.052734375
0 0.37890625 0.9384765625 0.0751953125 0.068359375
0 0.4228515625 0.97265625 0.05078125 0.0546875
0 0.1162109375 0.65234375 0.02734375 0.0283203125
0 0.1181640625 0.7080078125 0.01171875 0.0732421875
0 0.1005859375 0.779296875 0.05078125 0.0400390625
0 0.1162109375 0.5830078125 0.041015625 0.087890625
0 0.0400390625 0.568359375 0.05859375 0.0390625
0 0.0625 0.51953125 0.0439453125 0.060546875
0 0.1103515625 0.5126953125 0.05859375 0.0498046875
0 0.021484375 0.5166015625 0.03125 0.046875
0 0.3447265625 0.4345703125 0.04296875 0.0673828125
0 0.25390625 0.423828125 0.0498046875 0.0654296875
0 0.240234375 0.3203125 0.0302734375 0.0390625
0 0.28515625 0.294921875 0.0419921875 0.0654296875
0 0.5322265625 0.3857421875 0.04296875 0.0537109375
0 0.5146484375 0.2705078125 0.0263671875 0.0712890625
0 0.0244140625 0.3232421875 0.048828125 0.0556640625
0 0.203125 0.412109375 0.0517578125 0.0830078125
0 0.6259765625 0.3369140625 0.0400390625 0.0869140625
0 0.654296875 0.6689453125 0.044921875 0.056640625
0 0.6455078125 0.7421875 0.046875 0.025390625
0 0.494140625 0.90234375 0.0703125 0.056640625
0 0.5 0.9814453125 0.0498046875 0.0361328125
0 0.55078125 0.9873046875 0.037109375 0.025390625
0 0.39453125 0.7568359375 0.078125 0.064453125
0 0.2919921875 0.78515625 0.0302734375 0.0498046875
0 0.3037109375 0.8935546875 0.078125 0.068359375
0 0.1181640625 0.9296875 0.0126953125 0.0185546875
0 0.6904296875 0.5458984375 0.0751953125 0.087890625
0 0.8974609375 0.390625 0.021484375 0.0107421875
0 0.673828125 0.7958984375 0.0390625 0.0302734375
0 0.19140625 0.625 0.0078125 0.01171875
0 0.642578125 0.9140625 0.015625 0.017578125
0 0.76953125 0.9619140625 0.044921875 0.0654296875
0 0.8837890625 0.40234375 0.0478515625 0.048828125
0 0.7529296875 0.7041015625 0.0625 0.046875
0 0.630859375 0.919921875 0.0068359375 0.0107421875
0 0.7734375 0.111328125 0.0439453125 0.044921875
0 0.951171875 0.6298828125 0.015625 0.025390625
0 0.9248046875 0.90625 0.044921875 0.017578125
0 0.2880859375 0.19140625 0.0361328125 0.037109375
0 0.6884765625 0.533203125 0.01953125 0.0146484375
0 0.62109375 0.1044921875 0.015625 0.0166015625
0 0.4130859375 0.6337890625 0.015625 0.01953125
0 0.052734375 0.2734375 0.015625 0.0185546875
0 0.9814453125 0.9609375 0.02734375 0.03515625
0 0.423828125 0.4736328125 0.0078125 0.0146484375
0 0.697265625 0.84765625 0.009765625 0.0087890625
0 0.3193359375 0.490234375 0.009765625 0.0087890625
0 0.966796875 0.4873046875 0.0517578125 0.0712890625
0 0.794921875 0.27734375 0.021484375 0.0283203125
0 0.66796875 0.5263671875 0.015625 0.0302734375
0 0.259765625 0.412109375 0.005859375 0.0107421875
0 0.494140625 0.0830078125 0.025390625 0.037109375
0 0.8173828125 0.556640625 0.1064453125 0.1171875
0 0.8359375 0.8447265625 0.0078125 0.01171875
0 0.66796875 0.5751953125 0.01171875 0.0205078125
0 0.638671875 0.9619140625 0.013671875 0.0146484375
0 0.828125 0.744140625 0.06640625 0.056640625
0 0.8359375 0.86328125 0.0322265625 0.0595703125
0 0.0419921875 0.1318359375 0.0703125 0.0869140625
0 0.72265625 0.8662109375 0.0927734375 0.0771484375
0 0.8671875 0.4228515625 0.0087890625 0.0078125
0 0.95703125 0.7568359375 0.052734375 0.052734375
0 0.6171875 0.3271484375 0.0078125 0.0087890625
0 0.630859375 0.8759765625 0.009765625 0.0068359375
0 0.96484375 0.462890625 0.0068359375 0.0078125
0 0.3173828125 0.2734375 0.0048828125 0.0087890625
0 0.484375 0.1708984375 0.0087890625 0.0244140625
0 0.859375 0.224609375 0.0302734375 0.03125
0 0.6162109375 0.5498046875 0.0654296875 0.091796875
0 0.9501953125 0.6787109375 0.025390625 0.0390625
0 0.6484375 0.43359375 0.021484375 0.0439453125
0 0.5478515625 0.54296875 0.0439453125 0.0595703125
0 0.3291015625 0.4755859375 0.0966796875 0.0869140625
0 0.919921875 0.96875 0.0458984375 0.0625
0 0.8701171875 0.66015625 0.052734375 0.0419921875
0 0.55078125 0.0791015625 0.0439453125 0.0947265625
0 0.57421875 0.34765625 0.044921875 0.09375
0 0.390625 0.65234375 0.060546875 0.037109375