0 0.4091796875 0.3251953125 0.0595703125 0.0361328125
0 0.416015625 0.3671875 0.03515625 0.046875
0 0.2939453125 0.2421875 0.033203125 0.0498046875
0 0.3525390625 0.109375 0.0322265625 0.0537109375
0 0.166015625 0.3916015625 0.04296875 0.05078125
0 0.267578125 0.41796875 0.04296875 0.03515625
0 0.2529296875 0.3828125 0.0439453125 0.041015625
0 0.205078125 0.4140625 0.01953125 0.0361328125
0 0.2294921875 0.4208984375 0.0234375 0.0234375
0 0.244140625 0.306640625 0.04296875 0.0390625
0 0.2392578125 0.3408203125 0.02734375 0.0341796875
0 0.1513671875 0.1181640625 0.052734375 0.0458984375
0 0.1328125 0.4482421875 0.05859375 0.0771484375
0 0.140625 0.783203125 0.0498046875 0.083984375
0 0.14453125 0.8349609375 0.04296875 0.0439453125
0 0.111328125 0.8671875 0.0322265625 0.0576171875
0 0.294921875 0.72265625 0.0712890625 0.0625
0 0.14453125 0.6181640625 0.037109375 0.0556640625
0 0.140625 0.69921875 0.0361328125 0.03515625
0 0.1279296875 0.671875 0.04296875 0.0458984375
0 0.080078125 0.6591796875 0.0439453125 0.0556640625
0 0.064453125 0.7041015625 0.048828125 0.044921875
0 0.03125 0.642578125 0.0478515625 0.0361328125
0 0.0361328125 0.544921875 0.0537109375 0.0791015625
0 0.4365234375 0.1748046875 0.037109375 0.056640625
0 0.7021484375 0.1083984375 0.025390625 0.0322265625
0 0.8681640625 0.2841796875 0.044921875 0.0751953125
0 0.953125 0.0908203125 0.033203125 0.0361328125
0 0.78515625 0.4296875 0.056640625 0.056640625
0 0.81640625 0.39453125 0.0673828125 0.080078125
0 0.8828125 0.55078125 0.0537109375 0.0458984375
0 0.43359375 0.431640625 0.072265625 0.1171875
0 0.3935546875 0.8916015625 0.0322265625 0.0341796875
0 0.486328125 0.814453125 0.0419921875 0.052734375
0 0.513671875 0.9384765625 0.0419921875 0.0478515625
0 0.3740234375 0.736328125 0.0458984375 0.0517578125
0 0.4296875 0.5048828125 0.03515625 0.03515625
0 0.337890625 0.5810546875 0.1015625 0.0849609375
0 0.34765625 0.4326171875 0.0458984375 0.0908203125
0 0.2412109375 0.5546875 0.07421875 0.1328125
0 0.2041015625 0.470703125 0.0634765625 0.0537109375
0 0.095703125 0.3203125 0.0576171875 0.0703125
0 0.2509765625 0.962890625 0.087890625 0.07421875
0 0.0341796875 0.91015625 0.0322265625 0.0361328125
0 0.078125 0.8994140625 0.02734375 0.0439453125
0 0.056640625 0.8662109375 0.0185546875 0.017578125
0 0.04296875 0.9609375 0.0458984375 0.0546875
0 0.044921875 0.138671875 0.0390625 0.0693359375
0 0.3720703125 0.2197265625 0.05859375 0.07421875
0 0.4736328125 0.2509765625 0.087890625 0.0634765625
0 0.4521484375 0.630859375 0.072265625 0.037109375
0 0.455078125 0.716796875 0.0771484375 0.1064453125
0 0.4228515625 0.818359375 0.0732421875 0.0771484375
0 0.3095703125 0.8681640625 0.1162109375 0.142578125
0 0.525390625 0.7275390625 0.0654296875 0.09375
0 0.587890625 0.7119140625 0.0478515625 0.087890625
0 0.576171875 0.8427734375 0.08203125 0.083984375
0 0.693359375 0.9033203125 0.0458984375 0.0869140625
0 0.8857421875 0.748046875 0.1162109375 0.091796875
0 0.90625 0.6357421875 0.087890625 0.12109375
0 0.7646484375 0.595703125 0.087890625 0.115234375
0 0.810546875 0.7900390625 0.0380859375 0.0693359375
0 0.8818359375 0.9287109375 0.0732421875 0.1015625
0 0.966796875 0.9228515625 0.0615234375 0.0966796875
0 0.744140625 0.9072265625 0.037109375 0.05859375
0 0.7802734375 0.9306640625 0.052734375 0.0654296875
0 0.6513671875 0.7138671875 0.0556640625 0.0859375
0 0.7275390625 0.734375 0.0283203125 0.080078125
0 0.763671875 0.7158203125 0.0458984375 0.052734375
0 0.697265625 0.73828125 0.0302734375 0.076171875
0 0.7021484375 0.6376953125 0.068359375 0.103515625
0 0.896484375 0.4404296875 0.0830078125 0.1630859375
0 0.6806640625 0.3798828125 0.0849609375 0.0966796875
0 0.5986328125 0.3701171875 0.1015625 0.095703125
0 0.6005859375 0.2978515625 0.08203125 0.06640625
0 0.609375 0.2470703125 0.0712890625 0.0546875
0 0.3994140625 0.1298828125 0.0400390625 0.048828125
0 0.4345703125 0.138671875 0.03125 0.02734375
0 0.568359375 0.486328125 0.08203125 0.0556640625
0 0.587890625 0.55859375 0.064453125 0.0673828125
0 0.5439453125 0.6279296875 0.0517578125 0.072265625
0 0.5869140625 0.6376953125 0.041015625 0.0478515625
0 0.458984375 0.5654296875 0.0810546875 0.095703125
0 0.3876953125 0.4970703125 0.04296875 0.0712890625
0 0.55859375 0.927734375 0.04296875 0.044921875
0 0.4755859375 0.873046875 0.0498046875 0.0517578125
0 0.6611328125 0.9794921875 0.0302734375 0.041015625
0 0.7001953125 0.96875 0.0458984375 0.033203125
0 0.65234375 0.9248046875 0.0576171875 0.048828125
0 0.744140625 0.9775390625 0.0283203125 0.0263671875
0 0.60546875 0.947265625 0.0302734375 0.0263671875
0 0.572265625 0.9775390625 0.0625 0.044921875
0 0.400390625 0.9375 0.0458984375 0.0517578125
0 0.375 0.9599609375 0.0458984375 0.0439453125
0 0.2353515625 0.908203125 0.046875 0.0419921875
0 0.7587890625 0.841796875 0.0419921875 0.044921875
0 0.6767578125 0.8076171875 0.0712890625 0.048828125
0 0.677734375 0.4736328125 0.1171875 0.080078125
0 0.642578125 0.6044921875 0.0556640625 0.11328125
0 0.5 0.4296875 0.0556640625 0.115234375
0 0.515625 0.31640625 0.0712890625 0.0517578125
0 0.9267578125 0.17578125 0.03125 0.025390625
0 0.724609375 0.2568359375 0.0546875 0.048828125
0 0.2265625 0.67578125 0.03515625 0.048828125
0 0.3681640625 0.333984375 0.015625 0.0146484375
0 0.638671875 0.03125 0.0361328125 0.0361328125
0 0.2421875 0.5341796875 0.0087890625 0.0087890625
0 0.4541015625 0.697265625 0.009765625 0.01171875
0 0.146484375 0.603515625 0.0068359375 0.009765625
0 0.3056640625 0.712890625 0.009765625 0.009765625
0 0.8037109375 0.0126953125 0.0576171875 0.021484375
0 0.0517578125 0.2578125 0.0087890625 0.01171875
0 0.4892578125 0.013671875 0.009765625 0.0146484375
0 0.86328125 0.892578125 0.0107421875 0.013671875
0 0.1865234375 0.7236328125 0.02734375 0.0400390625
0 0.228515625 0.7421875 0.0302734375 0.0703125
0 0.193359375 0.7939453125 0.046875 0.03125
0 0.1708984375 0.970703125 0.03125 0.0263671875
0 0.146484375 0.9892578125 0.0302734375 0.0205078125
0 0.0390625 0.78515625 0.0244140625 0.0458984375
0 0.0712890625 0.7705078125 0.021484375 0.0322265625
0 0.1591796875 0.5302734375 0.0478515625 0.044921875
0 0.1044921875 0.5947265625 0.044921875 0.052734375
0 0.0751953125 0.5341796875 0.0185546875 0.02734375
0 0.09765625 0.5048828125 0.0234375 0.02734375
0 0.1396484375 0.185546875 0.0419921875 0.046875
0 0.484375 0.1669921875 0.03125 0.0185546875
0 0.5029296875 0.203125 0.0263671875 0.0322265625
0 0.5390625 0.1904296875 0.02734375 0.0341796875
0 0.525390625 0.1552734375 0.0458984375 0.03125
0 0.486328125 0.0986328125 0.0361328125 0.0712890625
0 0.62109375 0.076171875 0.0302734375 0.0546875
0 0.5615234375 0.1044921875 0.0185546875 0.0234375
0 0.619140625 0.193359375 0.0302734375 0.0400390625
0 0.736328125 0.203125 0.033203125 0.037109375
0 0.8056640625 0.18359375 0.068359375 0.0615234375
0 0.728515625 0.3125 0.02734375 0.05859375
0 0.7822265625 0.3310546875 0.0576171875 0.06640625
0 0.9453125 0.333984375 0.03125 0.0302734375
0 0.9521484375 0.3916015625 0.0927734375 0.056640625
0 0.9853515625 0.62109375 0.0283203125 0.0771484375
0 0.9677734375 0.7109375 0.0634765625 0.0537109375
0 0.978515625 0.83203125 0.04296875 0.05859375
0 0.833984375 0.8369140625 0.0439453125 0.0400390625
0 0.8642578125 0.81640625 0.0498046875 0.033203125
0 0.8388671875 0.56640625 0.0458984375 0.0625
0 0.810546875 0.4990234375 0.048828125 0.05859375
0 0.845703125 0.4775390625 0.025390625 0.0498046875
0 0.7548828125 0.5029296875 0.0283203125 0.056640625
0 0.7314453125 0.8203125 0.0390625 0.0712890625
0 0.541015625 0.54296875 0.048828125 0.0771484375
0 0.3388671875 0.3564453125 0.037109375 0.044921875
0 0.376953125 0.27734375 0.02734375 0.03125
0 0.455078125 0.341796875 0.0419921875 0.041015625
0 0.4560546875 0.2998046875 0.0390625 0.02734375
0 0.322265625 0.2685546875 0.0322265625 0.0419921875
0 0.2568359375 0.2548828125 0.025390625 0.0205078125
0 0.310546875 0.423828125 0.0244140625 0.037109375
0 0.2998046875 0.4677734375 0.046875 0.0576171875
0 0.2568359375 0.4609375 0.03515625 0.044921875
0 0.2099609375 0.349609375 0.029296875 0.0283203125
0 0.96484375 0.455078125 0.0234375 0.029296875
0 0.9462890625 0.537109375 0.041015625 0.021484375
0 0.951171875 0.5732421875 0.0224609375 0.0234375
0 0.94140625 0.7978515625 0.0380859375 0.0400390625
0 0.87890625 0.8583984375 0.0400390625 0.0419921875
0 0.974609375 0.9853515625 0.0498046875 0.02734375
0 0.78125 0.986328125 0.041015625 0.02734375
0 0.80859375 0.724609375 0.0361328125 0.064453125
0 0.8046875 0.6640625 0.083984375 0.0595703125
0 0.8212890625 0.9326171875 0.017578125 0.029296875
0 0.51953125 0.880859375 0.021484375 0.048828125
0 0.5224609375 0.80859375 0.0224609375 0.044921875
0 0.365234375 0.6845703125 0.03515625 0.0390625
0 0.3583984375 0.63671875 0.0439453125 0.0478515625
0 0.3349609375 0.6806640625 0.0205078125 0.0361328125
0 0.568359375 0.76171875 0.033203125 0.0302734375
0 0.61328125 0.759765625 0.029296875 0.056640625