0 0.6171875 0.4423828125 0.015625 0.0166015625
0 0.53515625 0.466796875 0.017578125 0.0205078125
0 0.4296875 0.2978515625 0.0146484375 0.017578125
0 0.759765625 0.443359375 0.015625 0.015625
0 0.408203125 0.34765625 0.0146484375 0.021484375
0 0.3701171875 0.2470703125 0.0185546875 0.0234375
0 0.2890625 0.5439453125 0.017578125 0.01953125
0 0.36328125 0.5576171875 0.013671875 0.0185546875
0 0.6181640625 0.4169921875 0.013671875 0.0205078125
0 0.33984375 0.3505859375 0.013671875 0.025390625
0 0.794921875 0.8193359375 0.0185546875 0.0166015625
0 0.6103515625 0.6142578125 0.0185546875 0.0234375
0 0.8212890625 0.4775390625 0.0126953125 0.015625
0 0.5927734375 0.5380859375 0.015625 0.025390625
0 0.5537109375 0.4453125 0.0234375 0.025390625
0 0.4697265625 0.90625 0.0244140625 0.0244140625
0 0.40234375 0.880859375 0.0166015625 0.0244140625
0 0.3203125 0.2763671875 0.0126953125 0.015625
0 0.4716796875 0.5380859375 0.0146484375 0.0185546875
0 0.5830078125 0.4248046875 0.0126953125 0.01953125
0 0.32421875 0.51171875 0.0185546875 0.01953125
0 0.7958984375 0.5654296875 0.013671875 0.0146484375
0 0.8642578125 0.3681640625 0.0185546875 0.0234375
0 0.4169921875 0.2529296875 0.0146484375 0.0185546875
0 0.5703125 0.4091796875 0.01953125 0.0224609375
0 0.33203125 0.650390625 0.015625 0.0224609375
0 0.416015625 0.5849609375 0.013671875 0.01953125
0 0.9951171875 0.548828125 0.0087890625 0.0224609375
0 0.8828125 0.794921875 0.013671875 0.015625
0 0.578125 0.765625 0.0166015625 0.01953125
0 0.5078125 0.9443359375 0.0166015625 0.01953125
0 0.6650390625 0.873046875 0.0224609375 0.03125
0 0.220703125 0.392578125 0.025390625 0.0244140625
0 0.5341796875 0.66015625 0.021484375 0.025390625
0 0.4072265625 0.5029296875 0.0234375 0.0302734375
0 0.126953125 0.6220703125 0.0185546875 0.0224609375
0 0.9228515625 0.3134765625 0.0146484375 0.0205078125
0 0.1279296875 0.4921875 0.013671875 0.021484375
0 0.4970703125 0.287109375 0.0166015625 0.021484375
0 0.3173828125 0.47265625 0.0146484375 0.0166015625
0 0.3583984375 0.642578125 0.0302734375 0.0341796875
0 0.64453125 0.625 0.015625 0.017578125
0 0.826171875 0.3837890625 0.0107421875 0.013671875
0 0.4638671875 0.1865234375 0.01953125 0.0234375
0 0.279296875 0.3232421875 0.01171875 0.0185546875
0 0.513671875 0.7412109375 0.0234375 0.0244140625
0 0.2216796875 0.423828125 0.009765625 0.013671875
0 0.4453125 0.150390625 0.0185546875 0.021484375
0 0.9375 0.4365234375 0.0126953125 0.0166015625
0 0.41015625 0.4345703125 0.021484375 0.033203125
0 0.4599609375 0.81640625 0.0205078125 0.015625
0 0.4501953125 0.953125 0.01953125 0.02734375
0 0.8056640625 0.541015625 0.0166015625 0.015625
0 0.83203125 0.3564453125 0.0126953125 0.0166015625
0 0.67578125 0.9375 0.015625 0.021484375
0 0.1611328125 0.509765625 0.0126953125 0.0234375
0 0.4794921875 0.24609375 0.013671875 0.025390625
0 0.626953125 0.3623046875 0.013671875 0.0205078125
0 0.0537109375 0.453125 0.0146484375 0.0205078125
0 0.4755859375 0.744140625 0.0224609375 0.0322265625
0 0.58984375 0.400390625 0.0185546875 0.0234375
0 0.4423828125 0.9150390625 0.0146484375 0.015625
0 0.9658203125 0.740234375 0.015625 0.013671875
0 0.619140625 0.9775390625 0.0244140625 0.0302734375
0 0.8271484375 0.7470703125 0.01953125 0.013671875
0 0.4482421875 0.1796875 0.015625 0.0166015625
0 0.720703125 0.7421875 0.0166015625 0.025390625
0 0.4873046875 0.3671875 0.0107421875 0.017578125
0 0.2978515625 0.18359375 0.021484375 0.021484375
0 0.52734375 0.6005859375 0.017578125 0.0224609375
0 0.1171875 0.603515625 0.0146484375 0.0166015625
0 0.3837890625 0.7900390625 0.0185546875 0.0146484375
0 0.9189453125 0.7646484375 0.015625 0.0166015625
0 0.134765625 0.7822265625 0.017578125 0.0234375
0 0.490234375 0.939453125 0.0205078125 0.0341796875
0 0.154296875 0.6904296875 0.0244140625 0.0263671875
0 0.25390625 0.50390625 0.0205078125 0.0390625
0 0.841796875 0.599609375 0.0146484375 0.0185546875
0 0.4990234375 0.697265625 0.015625 0.021484375
0 0.677734375 0.5029296875 0.021484375 0.03125
0 0.966796875 0.908203125 0.0185546875 0.0263671875
0 0.8701171875 0.9521484375 0.0244140625 0.0361328125
0 0.4599609375 0.330078125 0.01171875 0.017578125
0 0.4296875 0.75390625 0.03125 0.0400390625
0 0.7900390625 0.33203125 0.0126953125 0.021484375
0 0.201171875 0.2265625 0.0126953125 0.017578125
0 0.1376953125 0.2919921875 0.01171875 0.02734375
0 0.06640625 0.1650390625 0.0185546875 0.029296875
0 0.111328125 0.8427734375 0.021484375 0.033203125
0 0.375 0.138671875 0.017578125 0.017578125
0 0.201171875 0.337890625 0.01953125 0.03125
0 0.5439453125 0.345703125 0.02734375 0.033203125
0 0.466796875 0.625 0.01953125 0.03515625
0 0.8291015625 0.24609375 0.017578125 0.033203125
0 0.2177734375 0.7275390625 0.021484375 0.0205078125
0 0.3369140625 0.5439453125 0.0185546875 0.017578125
0 0.1884765625 0.17578125 0.0185546875 0.01953125
0 0.7373046875 0.70703125 0.013671875 0.0185546875
0 0.1513671875 0.5673828125 0.0185546875 0.03125
0 0.3681640625 0.939453125 0.01953125 0.01953125
0 0.6953125 0.650390625 0.017578125 0.0302734375
0 0.923828125 0.54296875 0.015625 0.0185546875
0 0.244140625 0.9638671875 0.0185546875 0.0263671875
0 0.08984375 0.2705078125 0.0146484375 0.0166015625
0 0.96484375 0.23046875 0.0166015625 0.015625
0 0.953125 0.384765625 0.025390625 0.0283203125
0 0.37109375 0.1865234375 0.0224609375 0.021484375
0 0.361328125 0.701171875 0.015625 0.0234375
0 0.2783203125 0.80859375 0.0146484375 0.0166015625
0 0.2578125 0.892578125 0.02734375 0.0458984375
0 0.6455078125 0.14453125 0.01953125 0.0283203125
0 0.173828125 0.9091796875 0.0107421875 0.0205078125
0 0.7216796875 0.337890625 0.0146484375 0.01953125
0 0.771484375 0.31640625 0.015625 0.017578125
0 0.603515625 0.9248046875 0.0126953125 0.013671875
0 0.8408203125 0.642578125 0.0234375 0.0166015625
0 0.634765625 0.8330078125 0.013671875 0.01953125
0 0.2724609375 0.0810546875 0.0126953125 0.017578125
0 0.1572265625 0.767578125 0.013671875 0.0205078125
0 0.509765625 0.310546875 0.03125 0.0341796875
0 0.5224609375 0.986328125 0.017578125 0.0224609375
0 0.3154296875 0.78515625 0.0458984375 0.0390625
0 0.1591796875 0.9267578125 0.025390625 0.0205078125
0 0.638671875 0.3896484375 0.0166015625 0.0126953125
0 0.5302734375 0.4248046875 0.0205078125 0.021484375
0 0.25390625 0.435546875 0.017578125 0.0224609375
0 0.3828125 0.5947265625 0.0234375 0.01953125
0 0.3291015625 0.599609375 0.017578125 0.01953125
0 0.2880859375 0.603515625 0.015625 0.0224609375
0 0.259765625 0.5595703125 0.0224609375 0.0341796875
0 0.255859375 0.626953125 0.0166015625 0.0185546875
0 0.2705078125 0.6455078125 0.009765625 0.0146484375
0 0.095703125 0.578125 0.017578125 0.03515625
0 0.1171875 0.5771484375 0.021484375 0.02734375
0 0.3359375 0.328125 0.025390625 0.021484375
0 0.396484375 0.533203125 0.013671875 0.0146484375
0 0.6376953125 0.78515625 0.0166015625 0.0263671875
0 0.6494140625 0.7998046875 0.0087890625 0.0146484375
0 0.5380859375 0.73828125 0.013671875 0.0224609375
0 0.552734375 0.673828125 0.0078125 0.013671875
0 0.56640625 0.685546875 0.021484375 0.0126953125
0 0.583984375 0.6884765625 0.0126953125 0.0087890625
0 0.58984375 0.654296875 0.0087890625 0.0078125
0 0.5986328125 0.6591796875 0.0087890625 0.009765625
0 0.6064453125 0.640625 0.0107421875 0.013671875
0 0.3984375 0.8388671875 0.0244140625 0.03515625
0 0.43359375 0.8212890625 0.029296875 0.0205078125
0 0.498046875 0.810546875 0.01171875 0.015625
0 0.5419921875 0.8388671875 0.0185546875 0.01953125
0 0.6591796875 0.2109375 0.0146484375 0.01953125
0 0.8623046875 0.189453125 0.0126953125 0.0087890625
0 0.388671875 0.43359375 0.01953125 0.0234375
0 0.423828125 0.4541015625 0.015625 0.0205078125
0 0.3701171875 0.4404296875 0.0107421875 0.013671875
0 0.4912109375 0.4775390625 0.0205078125 0.0341796875
0 0.2783203125 0.376953125 0.009765625 0.0078125
0 0.171875 0.5888671875 0.0166015625 0.02734375
0 0.1826171875 0.6162109375 0.0234375 0.0185546875
0 0.189453125 0.599609375 0.015625 0.0126953125
0 0.15234375 0.6015625 0.0205078125 0.025390625
0 0.197265625 0.6484375 0.0087890625 0.009765625
0 0.189453125 0.5498046875 0.01171875 0.0107421875
0 0.4130859375 0.931640625 0.021484375 0.021484375
0 0.388671875 0.9091796875 0.02734375 0.021484375
0 0.3076171875 0.9208984375 0.01171875 0.015625
0 0.3125 0.8818359375 0.017578125 0.033203125
0 0.2998046875 0.853515625 0.0146484375 0.017578125
0 0.6025390625 0.8740234375 0.0166015625 0.013671875
0 0.6103515625 0.826171875 0.0126953125 0.0322265625
0 0.6904296875 0.84765625 0.0166015625 0.009765625
0 0.7421875 0.7451171875 0.0146484375 0.015625
0 0.759765625 0.744140625 0.0166015625 0.013671875
0 0.7392578125 0.7744140625 0.0263671875 0.033203125
0 0.7646484375 0.80078125 0.01953125 0.0234375
0 0.7373046875 0.826171875 0.01171875 0.0205078125
0 0.7666015625 0.8193359375 0.0126953125 0.0107421875
0 0.712890625 0.939453125 0.017578125 0.0224609375
0 0.7236328125 0.958984375 0.0185546875 0.0185546875
0 0.65234375 0.947265625 0.0244140625 0.017578125
0 0.67578125 0.955078125 0.013671875 0.0107421875
0 0.6728515625 0.97265625 0.0166015625 0.01953125
0 0.6884765625 0.9736328125 0.0087890625 0.01171875
0 0.75390625 0.9306640625 0.013671875 0.0146484375
0 0.755859375 0.990234375 0.0068359375 0.009765625
0 0.75390625 0.9765625 0.0068359375 0.01171875
0 0.5888671875 0.900390625 0.0078125 0.0078125
0 0.5791015625 0.8916015625 0.01171875 0.0087890625
0 0.583984375 0.8701171875 0.0126953125 0.013671875
0 0.5615234375 0.8984375 0.0068359375 0.0068359375
0 0.58203125 0.923828125 0.0107421875 0.0146484375
0 0.5712890625 0.9326171875 0.0087890625 0.0078125
0 0.53515625 0.9169921875 0.005859375 0.013671875
0 0.52734375 0.9111328125 0.01171875 0.0244140625
0 0.49609375 0.90625 0.0078125 0.01953125
0 0.591796875 0.9599609375 0.0068359375 0.0146484375
0 0.6142578125 0.9462890625 0.0185546875 0.0224609375
0 0.583984375 0.9482421875 0.0078125 0.0146484375
0 0.58984375 0.9794921875 0.0107421875 0.01953125
0 0.5703125 0.98828125 0.0078125 0.0107421875
0 0.6474609375 0.9697265625 0.013671875 0.0078125
0 0.3681640625 0.990234375 0.0185546875 0.01953125