0 0.3955078125 0.55078125 0.044921875 0.0556640625
0 0.4697265625 0.5771484375 0.0380859375 0.0634765625
0 0.37890625 0.65625 0.0205078125 0.029296875
0 0.39453125 0.6787109375 0.0263671875 0.046875
0 0.287109375 0.703125 0.0283203125 0.0634765625
0 0.1982421875 0.640625 0.044921875 0.0546875
0 0.189453125 0.5029296875 0.04296875 0.05859375
0 0.09375 0.947265625 0.056640625 0.05078125
0 0.107421875 0.759765625 0.0390625 0.0244140625
0 0.1279296875 0.681640625 0.0380859375 0.0458984375
0 0.083984375 0.587890625 0.0390625 0.021484375
0 0.046875 0.38671875 0.0341796875 0.041015625
0 0.0654296875 0.4189453125 0.021484375 0.0615234375
0 0.017578125 0.26171875 0.0341796875 0.0517578125
0 0.0947265625 0.1923828125 0.0166015625 0.0263671875
0 0.1533203125 0.0791015625 0.0244140625 0.0341796875
0 0.0888671875 0.0419921875 0.03515625 0.044921875
0 0.005859375 0.046875 0.0107421875 0.02734375
0 0.203125 0.1494140625 0.0283203125 0.0537109375
0 0.2353515625 0.185546875 0.025390625 0.03515625
0 0.31640625 0.29296875 0.01953125 0.0302734375
0 0.2978515625 0.3330078125 0.0283203125 0.0341796875
0 0.3154296875 0.357421875 0.017578125 0.0341796875
0 0.1943359375 0.3115234375 0.0205078125 0.041015625
0 0.2626953125 0.5146484375 0.0341796875 0.033203125
0 0.251953125 0.6572265625 0.021484375 0.0322265625
0 0.236328125 0.728515625 0.0244140625 0.033203125
0 0.2236328125 0.7333984375 0.0166015625 0.0263671875
0 0.208984375 0.7509765625 0.021484375 0.029296875
0 0.1630859375 0.7197265625 0.01953125 0.0263671875
0 0.1669921875 0.873046875 0.0146484375 0.0234375
0 0.25390625 0.8251953125 0.0185546875 0.03125
0 0.3095703125 0.8056640625 0.017578125 0.025390625
0 0.3310546875 0.7587890625 0.0166015625 0.01953125
0 0.3486328125 0.7880859375 0.0166015625 0.0224609375
0 0.3857421875 0.7529296875 0.0283203125 0.0185546875
0 0.392578125 0.77734375 0.015625 0.0166015625
0 0.455078125 0.7958984375 0.0126953125 0.0224609375
0 0.3720703125 0.9736328125 0.0263671875 0.0498046875
0 0.2470703125 0.900390625 0.0400390625 0.0419921875
0 0.2841796875 0.8955078125 0.03125 0.0478515625
0 0.5205078125 0.82421875 0.048828125 0.037109375
0 0.578125 0.77734375 0.037109375 0.0546875
0 0.5458984375 0.767578125 0.0283203125 0.0478515625
0 0.5244140625 0.59765625 0.033203125 0.0390625
0 0.4560546875 0.6865234375 0.0458984375 0.0478515625
0 0.36328125 0.587890625 0.017578125 0.0263671875
0 0.4814453125 0.3701171875 0.03515625 0.0380859375
0 0.55859375 0.166015625 0.0224609375 0.0322265625
0 0.5869140625 0.23046875 0.046875 0.0859375
0 0.568359375 0.1396484375 0.021484375 0.0400390625
0 0.3955078125 0.046875 0.046875 0.0439453125
0 0.4755859375 0.169921875 0.0224609375 0.0341796875
0 0.458984375 0.2822265625 0.021484375 0.0478515625
0 0.3974609375 0.4111328125 0.025390625 0.03515625
0 0.423828125 0.4140625 0.0205078125 0.0439453125
0 0.47265625 0.4521484375 0.0234375 0.0283203125
0 0.5576171875 0.48828125 0.02734375 0.05078125
0 0.615234375 0.6240234375 0.0556640625 0.05859375
0 0.408203125 0.8857421875 0.046875 0.041015625
0 0.8681640625 0.087890625 0.0390625 0.0634765625
0 0.6484375 0.2216796875 0.08203125 0.0576171875
0 0.390625 0.30859375 0.0458984375 0.060546875
0 0.5888671875 0.9404296875 0.0400390625 0.064453125
0 0.8974609375 0.4833984375 0.0302734375 0.0302734375
0 0.8125 0.6923828125 0.05078125 0.064453125
0 0.6533203125 0.3740234375 0.0537109375 0.083984375
0 0.8740234375 0.4130859375 0.0234375 0.0224609375
0 0.939453125 0.341796875 0.052734375 0.0390625
0 0.80859375 0.814453125 0.0458984375 0.05859375
0 0.6123046875 0.466796875 0.013671875 0.021484375
0 0.1875 0.94921875 0.0498046875 0.0830078125
0 0.5634765625 0.3291015625 0.04296875 0.0693359375
0 0.8603515625 0.9228515625 0.029296875 0.033203125
0 0.6611328125 0.138671875 0.0419921875 0.03125
0 0.6728515625 0.5322265625 0.044921875 0.048828125
0 0.91015625 0.2060546875 0.0341796875 0.033203125
0 0.3115234375 0.4775390625 0.0126953125 0.0185546875
0 0.9755859375 0.7421875 0.0400390625 0.05859375
0 0.734375 0.9384765625 0.0234375 0.03515625
0 0.1171875 0.392578125 0.0693359375 0.0810546875
0 0.380859375 0.0390625 0.0087890625 0.0126953125
0 0.7822265625 0.41796875 0.0439453125 0.0478515625
0 0.5595703125 0.4736328125 0.009765625 0.0146484375
0 0.7255859375 0.85546875 0.0185546875 0.01953125
0 0.5498046875 0.4033203125 0.005859375 0.0078125
0 0.63671875 0.416015625 0.0078125 0.01171875
0 0.78515625 0.310546875 0.015625 0.0146484375
0 0.7763671875 0.529296875 0.0283203125 0.0390625
0 0.2353515625 0.8896484375 0.0126953125 0.013671875
0 0.740234375 0.8642578125 0.0654296875 0.056640625
0 0.7490234375 0.5908203125 0.0068359375 0.0087890625
0 0.318359375 0.6025390625 0.0078125 0.009765625
0 0.5224609375 0.8955078125 0.0078125 0.0166015625
0 0.3818359375 0.443359375 0.0048828125 0.0068359375
0 0.193359375 0.6240234375 0.005859375 0.0146484375
0 0.337890625 0.578125 0.005859375 0.009765625
0 0.7080078125 0.2822265625 0.0068359375 0.0078125
0 0.02734375 0.5703125 0.0068359375 0.009765625
0 0.12109375 0.697265625 0.005859375 0.005859375
0 0.1982421875 0.423828125 0.0078125 0.0087890625
0 0.2578125 0.5166015625 0.005859375 0.005859375
0 0.6611328125 0.541015625 0.0087890625 0.0126953125
0 0.8681640625 0.55078125 0.0068359375 0.009765625
0 0.44921875 0.58984375 0.005859375 0.0087890625
0 0.076171875 0.58984375 0.005859375 0.005859375
0 0.2421875 0.4794921875 0.0048828125 0.0068359375
0 0.5234375 0.58984375 0.0078125 0.0068359375
0 0.16015625 0.791015625 0.00390625 0.005859375
0 0.779296875 0.3759765625 0.009765625 0.01171875
0 0.25 0.609375 0.025390625 0.0458984375
0 0.33984375 0.66796875 0.02734375 0.04296875
0 0.1025390625 0.55859375 0.0205078125 0.01953125
0 0.115234375 0.53125 0.0234375 0.0244140625
0 0.091796875 0.4931640625 0.01953125 0.03515625
0 0.1240234375 0.50390625 0.0244140625 0.0283203125
0 0.357421875 0.2001953125 0.0283203125 0.0361328125
0 0.5126953125 0.5390625 0.017578125 0.0283203125
0 0.5869140625 0.86328125 0.0400390625 0.044921875
0 0.3515625 0.93359375 0.060546875 0.033203125
0 0.421875 0.7802734375 0.029296875 0.068359375
0 0.521484375 0.7138671875 0.02734375 0.0341796875
0 0.50390625 0.6767578125 0.0205078125 0.025390625
0 0.7548828125 0.7919921875 0.0302734375 0.052734375
0 0.9150390625 0.78515625 0.0244140625 0.0380859375
0 0.798828125 0.9736328125 0.0400390625 0.04296875
0 0.6845703125 0.6982421875 0.0341796875 0.0400390625
0 0.74609375 0.7490234375 0.01953125 0.03125
0 0.7353515625 0.697265625 0.0263671875 0.029296875
0 0.73046875 0.4755859375 0.0439453125 0.0625
0 0.607421875 0.0732421875 0.0361328125 0.04296875
0 0.5986328125 0.029296875 0.0166015625 0.0244140625
0 0.4853515625 0.2548828125 0.0224609375 0.0224609375
0 0.3232421875 0.5126953125 0.0263671875 0.0341796875