0 0.61328125 0.7568359375 0.138671875 0.162109375
0 0.427734375 0.634765625 0.0732421875 0.1416015625
0 0.3798828125 0.4765625 0.1474609375 0.16015625
0 0.5205078125 0.6083984375 0.080078125 0.08984375
0 0.552734375 0.4833984375 0.1494140625 0.1494140625
0 0.2197265625 0.888671875 0.0693359375 0.0986328125
0 0.3037109375 0.2216796875 0.142578125 0.1240234375
0 0.3515625 0.068359375 0.0966796875 0.09765625
0 0.0771484375 0.609375 0.154296875 0.1513671875
0 0.814453125 0.7490234375 0.080078125 0.1689453125
0 0.8837890625 0.8466796875 0.0576171875 0.1552734375
0 0.740234375 0.515625 0.0595703125 0.0654296875
0 0.826171875 0.5517578125 0.0654296875 0.0712890625
0 0.9404296875 0.189453125 0.0458984375 0.0537109375
0 0.853515625 0.279296875 0.0849609375 0.125
0 0.943359375 0.5205078125 0.0390625 0.052734375
0 0.9267578125 0.64453125 0.0693359375 0.08203125
0 0.9189453125 0.7216796875 0.0546875 0.091796875
0 0.7080078125 0.94140625 0.11328125 0.1171875
0 0.5947265625 0.943359375 0.0732421875 0.109375
0 0.5146484375 0.9091796875 0.056640625 0.0751953125
0 0.08984375 0.9267578125 0.0859375 0.146484375
0 0.30859375 0.8447265625 0.07421875 0.115234375
0 0.3212890625 0.9560546875 0.091796875 0.087890625
0 0.412109375 0.8486328125 0.1005859375 0.09375
0 0.42578125 0.951171875 0.08203125 0.09765625
0 0.9658203125 0.853515625 0.0654296875 0.041015625
0 0.7421875 0.8056640625 0.048828125 0.087890625