0 0.4794921875 0.7890625 0.05078125 0.04296875
0 0.3369140625 0.380859375 0.0498046875 0.0654296875
0 0.2021484375 0.4013671875 0.0458984375 0.0556640625
0 0.1435546875 0.953125 0.126953125 0.09375
0 0.107421875 0.7626953125 0.056640625 0.083984375
0 0.1513671875 0.7890625 0.0546875 0.0546875
0 0.216796875 0.72265625 0.0634765625 0.087890625
0 0.2763671875 0.7197265625 0.0166015625 0.025390625
0 0.1337890625 0.673828125 0.044921875 0.05078125
0 0.2353515625 0.2255859375 0.0556640625 0.0556640625
0 0.1455078125 0.435546875 0.0693359375 0.0595703125
0 0.5302734375 0.794921875 0.0322265625 0.0517578125
0 0.4482421875 0.7802734375 0.01953125 0.0458984375
0 0.4619140625 0.755859375 0.0185546875 0.04296875
0 0.5927734375 0.8076171875 0.03125 0.037109375
0 0.595703125 0.92578125 0.029296875 0.0390625
0 0.4697265625 0.958984375 0.041015625 0.0458984375
0 0.47265625 0.912109375 0.033203125 0.0400390625
0 0.45703125 0.5576171875 0.0224609375 0.0244140625
0 0.5185546875 0.57421875 0.0185546875 0.0302734375
0 0.568359375 0.7705078125 0.037109375 0.0390625
0 0.5654296875 0.8046875 0.0205078125 0.0283203125
0 0.51953125 0.685546875 0.017578125 0.0224609375
0 0.4052734375 0.7763671875 0.01953125 0.0283203125
0 0.349609375 0.830078125 0.02734375 0.0322265625
0 0.4443359375 0.8369140625 0.0400390625 0.0322265625
0 0.40234375 0.408203125 0.01953125 0.03125
0 0.3876953125 0.4228515625 0.01171875 0.0185546875
0 0.353515625 0.462890625 0.025390625 0.0341796875
0 0.4013671875 0.4716796875 0.0166015625 0.0263671875
0 0.361328125 0.4990234375 0.015625 0.021484375
0 0.439453125 0.4482421875 0.0224609375 0.03125
0 0.4560546875 0.470703125 0.01953125 0.029296875
0 0.4697265625 0.4931640625 0.0185546875 0.0185546875
0 0.4130859375 0.48828125 0.01953125 0.0234375
0 0.3828125 0.5166015625 0.017578125 0.03515625
0 0.40625 0.501953125 0.0185546875 0.0224609375
0 0.3876953125 0.478515625 0.0146484375 0.017578125
0 0.4921875 0.3828125 0.0205078125 0.052734375
0 0.5234375 0.544921875 0.02734375 0.0263671875
0 0.5126953125 0.470703125 0.0283203125 0.0302734375
0 0.5390625 0.5107421875 0.013671875 0.09375
0 0.5576171875 0.4814453125 0.0224609375 0.01953125
0 0.6533203125 0.6162109375 0.0263671875 0.03515625
0 0.6611328125 0.6494140625 0.0263671875 0.041015625
0 0.6875 0.5146484375 0.029296875 0.033203125
0 0.69921875 0.49609375 0.0234375 0.0322265625
0 0.7216796875 0.4765625 0.03515625 0.0263671875
0 0.779296875 0.3935546875 0.0263671875 0.0302734375
0 0.703125 0.810546875 0.025390625 0.060546875
0 0.65625 0.849609375 0.0244140625 0.0302734375
0 0.677734375 0.822265625 0.017578125 0.0244140625
0 0.66015625 0.7939453125 0.017578125 0.033203125
0 0.9296875 0.8798828125 0.0244140625 0.0283203125
0 0.970703125 0.80859375 0.0224609375 0.0263671875
0 0.912109375 0.7646484375 0.0185546875 0.02734375
0 0.9326171875 0.779296875 0.0166015625 0.029296875
0 0.990234375 0.783203125 0.01953125 0.021484375
0 0.9921875 0.7626953125 0.015625 0.0224609375
0 0.7568359375 0.8662109375 0.09765625 0.0556640625
0 0.3671875 0.73828125 0.009765625 0.0126953125
0 0.3505859375 0.759765625 0.0439453125 0.0595703125
0 0.537109375 0.451171875 0.0087890625 0.015625
0 0.2197265625 0.2705078125 0.0185546875 0.0439453125
0 0.2666015625 0.2763671875 0.0751953125 0.056640625
0 0.947265625 0.9482421875 0.0361328125 0.1025390625
0 0.9287109375 0.8876953125 0.01953125 0.03125
0 0.822265625 0.8583984375 0.0419921875 0.0693359375
0 0.8642578125 0.8759765625 0.03515625 0.0302734375
0 0.8427734375 0.9033203125 0.037109375 0.0341796875
0 0.8037109375 0.806640625 0.033203125 0.04296875
0 0.89453125 0.6025390625 0.0166015625 0.02734375
0 0.9013671875 0.8017578125 0.0244140625 0.0439453125
0 0.7978515625 0.5673828125 0.015625 0.033203125
0 0.8642578125 0.4365234375 0.0146484375 0.033203125
0 0.9931640625 0.4248046875 0.013671875 0.041015625
0 0.955078125 0.3466796875 0.01171875 0.03125
0 0.962890625 0.326171875 0.015625 0.02734375
0 0.822265625 0.435546875 0.015625 0.0322265625
0 0.8671875 0.96875 0.0341796875 0.0625
0 0.5615234375 0.8486328125 0.0234375 0.0439453125
0 0.5361328125 0.86328125 0.0244140625 0.0439453125
0 0.55859375 0.8818359375 0.0341796875 0.033203125
0 0.5126953125 0.8955078125 0.0244140625 0.03125
0 0.55859375 0.982421875 0.0302734375 0.021484375
0 0.541015625 0.9462890625 0.041015625 0.0458984375
0 0.6318359375 0.9765625 0.068359375 0.046875
0 0.6611328125 0.9111328125 0.0390625 0.0556640625
0 0.69921875 0.9609375 0.05859375 0.078125
0 0.720703125 0.91796875 0.0263671875 0.03125
0 0.7431640625 0.9580078125 0.0244140625 0.0830078125
0 0.76953125 0.986328125 0.04296875 0.02734375
0 0.7802734375 0.91015625 0.0302734375 0.0341796875
0 0.7998046875 0.935546875 0.0166015625 0.0380859375
0 0.6953125 0.607421875 0.0234375 0.0419921875
0 0.298828125 0.736328125 0.0205078125 0.0234375
0 0.2919921875 0.6767578125 0.017578125 0.029296875
0 0.40625 0.5966796875 0.025390625 0.0283203125
0 0.390625 0.6474609375 0.029296875 0.0302734375
0 0.41015625 0.6259765625 0.0234375 0.01953125
0 0.333984375 0.5771484375 0.0283203125 0.0380859375
0 0.1357421875 0.564453125 0.107421875 0.0634765625
0 0.1044921875 0.2861328125 0.0498046875 0.0439453125
0 0.056640625 0.3447265625 0.0390625 0.0625
0 0.037109375 0.2958984375 0.0224609375 0.0322265625
0 0.0078125 0.310546875 0.015625 0.0341796875
0 0.0224609375 0.4267578125 0.017578125 0.0224609375
0 0.0068359375 0.44140625 0.0126953125 0.0263671875
0 0.0634765625 0.39453125 0.0400390625 0.0517578125
0 0.0185546875 0.3798828125 0.0302734375 0.0419921875
0 0.15625 0.3427734375 0.0390625 0.03515625
0 0.169921875 0.0673828125 0.0185546875 0.033203125
0 0.197265625 0.0283203125 0.0244140625 0.0185546875
0 0.1494140625 0.109375 0.0185546875 0.0234375
0 0.1103515625 0.5888671875 0.12109375 0.1025390625
0 0.95703125 0.3369140625 0.0185546875 0.03515625
0 0.220703125 0.9775390625 0.02734375 0.044921875
0 0.255859375 0.9853515625 0.0341796875 0.029296875
0 0.2783203125 0.98046875 0.025390625 0.0390625
0 0.31640625 0.97265625 0.0205078125 0.0283203125
0 0.34375 0.96875 0.0283203125 0.033203125
0 0.3193359375 0.9228515625 0.021484375 0.0224609375
0 0.2958984375 0.939453125 0.0166015625 0.0322265625
0 0.28515625 0.90625 0.037109375 0.037109375
0 0.4228515625 0.9462890625 0.0263671875 0.037109375
0 0.396484375 0.955078125 0.009765625 0.0185546875
0 0.3486328125 0.931640625 0.0244140625 0.0341796875
0 0.37890625 0.9130859375 0.0234375 0.03125
0 0.3837890625 0.9765625 0.044921875 0.0322265625
0 0.21875 0.814453125 0.0576171875 0.0888671875
0 0.4453125 0.689453125 0.044921875 0.029296875
0 0.48828125 0.7041015625 0.02734375 0.025390625
0 0.8193359375 0.3681640625 0.0341796875 0.1025390625
0 0.984375 0.1611328125 0.03125 0.076171875