0 0.3330078125 0.1123046875 0.017578125 0.017578125
0 0.4033203125 0.158203125 0.0205078125 0.03125
0 0.4091796875 0.2099609375 0.03125 0.0419921875
0 0.271484375 0.3095703125 0.0390625 0.037109375
0 0.025390625 0.3369140625 0.046875 0.0810546875
0 0.947265625 0.1884765625 0.015625 0.025390625
0 0.6806640625 0.1064453125 0.0732421875 0.0625
0 0.287109375 0.2216796875 0.0791015625 0.08984375
0 0.5498046875 0.7509765625 0.0205078125 0.0263671875
0 0.7548828125 0.3837890625 0.05078125 0.0498046875
0 0.0419921875 0.1650390625 0.0810546875 0.0888671875
0 0.943359375 0.6259765625 0.0634765625 0.0576171875
0 0.740234375 0.5078125 0.0947265625 0.0732421875
0 0.4248046875 0.5283203125 0.033203125 0.05859375
0 0.8486328125 0.255859375 0.0556640625 0.0517578125
0 0.8232421875 0.7900390625 0.046875 0.044921875
0 0.41796875 0.5986328125 0.0625 0.0537109375
0 0.26171875 0.25390625 0.0166015625 0.0205078125
0 0.5244140625 0.90625 0.01953125 0.0263671875
0 0.31640625 0.0869140625 0.013671875 0.0166015625
0 0.1005859375 0.599609375 0.0576171875 0.0517578125
0 0.3291015625 0.4267578125 0.015625 0.0224609375
0 0.6044921875 0.94140625 0.0234375 0.03515625
0 0.3505859375 0.0478515625 0.0146484375 0.0185546875
0 0.9638671875 0.8642578125 0.0556640625 0.0439453125
0 0.0283203125 0.615234375 0.0517578125 0.095703125
0 0.11328125 0.921875 0.0859375 0.1171875
0 0.9482421875 0.5107421875 0.015625 0.017578125
0 0.828125 0.537109375 0.068359375 0.0556640625
0 0.11328125 0.322265625 0.0703125 0.0888671875
0 0.3671875 0.81640625 0.017578125 0.0185546875
0 0.443359375 0.8623046875 0.0107421875 0.0146484375
0 0.416015625 0.666015625 0.0615234375 0.03125
0 0.927734375 0.72265625 0.015625 0.02734375
0 0.982421875 0.755859375 0.03125 0.080078125
0 0.5576171875 0.5322265625 0.046875 0.052734375
0 0.3857421875 0.4619140625 0.0361328125 0.03125
0 0.6484375 0.71875 0.0517578125 0.064453125
0 0.78515625 0.6630859375 0.0234375 0.046875
0 0.2314453125 0.89453125 0.02734375 0.0341796875
0 0.2041015625 0.921875 0.03125 0.033203125
0 0.345703125 0.98046875 0.0390625 0.0390625
0 0.4091796875 0.0107421875 0.03125 0.021484375
0 0.912109375 0.125 0.0205078125 0.03125