0 0.529296875 0.736328125 0.07421875 0.0849609375
0 0.6943359375 0.666015625 0.08984375 0.10546875
0 0.4130859375 0.921875 0.0703125 0.0546875
0 0.44921875 0.97265625 0.04296875 0.0546875
0 0.453125 0.84375 0.0322265625 0.0361328125
0 0.384765625 0.8251953125 0.0537109375 0.060546875
0 0.357421875 0.7626953125 0.0390625 0.0498046875
0 0.3671875 0.7138671875 0.0478515625 0.029296875
0 0.365234375 0.6689453125 0.0546875 0.0556640625
0 0.111328125 0.84765625 0.03515625 0.06640625
0 0.236328125 0.3828125 0.0595703125 0.0908203125
0 0.234375 0.4619140625 0.052734375 0.04296875
0 0.337890625 0.580078125 0.0615234375 0.068359375
0 0.4033203125 0.587890625 0.0390625 0.0576171875
0 0.3720703125 0.513671875 0.0390625 0.0595703125
0 0.4501953125 0.486328125 0.0927734375 0.0927734375
0 0.541015625 0.8720703125 0.0576171875 0.08203125
0 0.560546875 0.9658203125 0.1005859375 0.0634765625
0 0.64453125 0.92578125 0.03125 0.052734375
0 0.142578125 0.4638671875 0.0537109375 0.060546875
0 0.935546875 0.671875 0.033203125 0.0498046875
0 0.4208984375 0.189453125 0.0400390625 0.0517578125
0 0.7548828125 0.541015625 0.0625 0.0791015625
0 0.3525390625 0.330078125 0.0810546875 0.0634765625
0 0.34765625 0.1865234375 0.05078125 0.060546875
0 0.232421875 0.5078125 0.0869140625 0.1318359375
0 0.5478515625 0.5498046875 0.046875 0.056640625
0 0.6767578125 0.845703125 0.029296875 0.033203125
0 0.6015625 0.3779296875 0.0751953125 0.060546875
0 0.83984375 0.8505859375 0.0927734375 0.107421875
0 0.873046875 0.3583984375 0.0986328125 0.109375
0 0.7177734375 0.5107421875 0.0361328125 0.037109375
0 0.533203125 0.1962890625 0.052734375 0.0595703125
0 0.6005859375 0.6787109375 0.0732421875 0.08203125
0 0.251953125 0.70703125 0.072265625 0.0751953125
0 0.150390625 0.3251953125 0.0185546875 0.0224609375
0 0.9716796875 0.7255859375 0.0205078125 0.0234375
0 0.298828125 0.83203125 0.052734375 0.052734375
0 0.4130859375 0.904296875 0.013671875 0.017578125
0 0.587890625 0.283203125 0.0380859375 0.04296875
0 0.40234375 0.087890625 0.1318359375 0.130859375
0 0.6962890625 0.783203125 0.0263671875 0.0546875
0 0.6171875 0.755859375 0.072265625 0.0625
0 0.7626953125 0.8369140625 0.037109375 0.072265625
0 0.81640625 0.7197265625 0.087890625 0.1015625
0 0.892578125 0.6015625 0.0703125 0.1171875
0 0.833984375 0.4482421875 0.0869140625 0.0673828125
0 0.921875 0.4765625 0.056640625 0.0810546875
0 0.9345703125 0.396484375 0.06640625 0.04296875
0 0.6484375 0.5908203125 0.08203125 0.076171875
0 0.5498046875 0.603515625 0.0830078125 0.0546875
0 0.3876953125 0.3994140625 0.0615234375 0.091796875
0 0.2685546875 0.296875 0.0576171875 0.076171875
0 0.2998046875 0.4091796875 0.0546875 0.072265625
0 0.5732421875 0.138671875 0.0361328125 0.0322265625
0 0.814453125 0.25390625 0.052734375 0.06640625
0 0.6767578125 0.3115234375 0.0546875 0.076171875
0 0.7080078125 0.4248046875 0.064453125 0.11328125
0 0.78515625 0.4150390625 0.05859375 0.05859375
0 0.611328125 0.8447265625 0.05078125 0.0859375
0 0.9423828125 0.8544921875 0.0546875 0.056640625