0 0.900390625 0.4453125 0.0576171875 0.072265625
0 0.8154296875 0.53125 0.0654296875 0.107421875
0 0.826171875 0.6298828125 0.048828125 0.0986328125
0 0.888671875 0.6689453125 0.0625 0.095703125
0 0.974609375 0.6259765625 0.048828125 0.0771484375
0 0.9599609375 0.669921875 0.0283203125 0.0478515625
0 0.9306640625 0.53515625 0.017578125 0.0859375
0 0.9501953125 0.2236328125 0.037109375 0.048828125
0 0.9384765625 0.37890625 0.05078125 0.0791015625
0 0.798828125 0.4189453125 0.0419921875 0.0771484375
0 0.94921875 0.05859375 0.0439453125 0.03125
0 0.9736328125 0.1171875 0.0439453125 0.0361328125
0 0.923828125 0.830078125 0.02734375 0.06640625
0 0.8564453125 0.75 0.0615234375 0.0712890625
0 0.76171875 0.7568359375 0.0361328125 0.0859375
0 0.7568359375 0.900390625 0.0634765625 0.1357421875
0 0.705078125 0.513671875 0.080078125 0.130859375
0 0.7578125 0.52734375 0.0576171875 0.0908203125
0 0.771484375 0.6416015625 0.0576171875 0.119140625
0 0.6689453125 0.619140625 0.0517578125 0.0869140625
0 0.712890625 0.6064453125 0.029296875 0.0546875
0 0.6083984375 0.6640625 0.0615234375 0.0888671875
0 0.5625 0.859375 0.0576171875 0.0966796875
0 0.6064453125 0.8232421875 0.03515625 0.0673828125
0 0.6513671875 0.94140625 0.03515625 0.0625
0 0.69140625 0.986328125 0.05859375 0.02734375
0 0.65625 0.7333984375 0.0439453125 0.08203125
0 0.537109375 0.7861328125 0.0517578125 0.0556640625
0 0.5810546875 0.744140625 0.0458984375 0.095703125
0 0.5830078125 0.53515625 0.0556640625 0.0888671875
0 0.064453125 0.333984375 0.03515625 0.0302734375
0 0.125 0.3134765625 0.07421875 0.0576171875
0 0.1064453125 0.4619140625 0.0625 0.0615234375
0 0.1884765625 0.7060546875 0.0380859375 0.064453125
0 0.06640625 0.65234375 0.013671875 0.017578125
0 0.203125 0.41796875 0.1025390625 0.1201171875
0 0.4990234375 0.556640625 0.0595703125 0.0595703125
0 0.365234375 0.7060546875 0.0546875 0.0400390625
0 0.1015625 0.181640625 0.021484375 0.0146484375
0 0.212890625 0.076171875 0.05859375 0.0595703125
0 0.0791015625 0.91015625 0.0185546875 0.0234375
0 0.3388671875 0.5048828125 0.08984375 0.03515625
0 0.3466796875 0.6103515625 0.0517578125 0.052734375
0 0.046875 0.53125 0.0166015625 0.0244140625
0 0.2841796875 0.3994140625 0.046875 0.0654296875
0 0.39453125 0.849609375 0.0263671875 0.021484375
0 0.296875 0.7802734375 0.0244140625 0.0576171875
0 0.419921875 0.5087890625 0.0556640625 0.0703125
0 0.4853515625 0.6494140625 0.0576171875 0.0791015625
0 0.41796875 0.7392578125 0.03125 0.0625
0 0.5478515625 0.9453125 0.033203125 0.0244140625
0 0.5283203125 0.9755859375 0.048828125 0.048828125
0 0.3623046875 0.4091796875 0.0390625 0.05078125
0 0.306640625 0.4619140625 0.0263671875 0.0185546875
0 0.197265625 0.6337890625 0.029296875 0.0302734375
0 0.271484375 0.7099609375 0.0322265625 0.029296875
0 0.712890625 0.3603515625 0.0546875 0.0732421875
0 0.595703125 0.4130859375 0.0263671875 0.0439453125
0 0.4345703125 0.4296875 0.052734375 0.0341796875
0 0.5078125 0.462890625 0.0439453125 0.0498046875
0 0.0419921875 0.24609375 0.021484375 0.041015625
0 0.0087890625 0.2744140625 0.017578125 0.033203125
0 0.1513671875 0.1533203125 0.0087890625 0.01171875
0 0.48046875 0.5478515625 0.015625 0.01953125
0 0.103515625 0.84765625 0.0078125 0.009765625
0 0.12890625 0.947265625 0.0078125 0.01171875
0 0.4228515625 0.4912109375 0.0107421875 0.0126953125
0 0.087890625 0.4482421875 0.013671875 0.0166015625
0 0.400390625 0.578125 0.0068359375 0.0078125
0 0.234375 0.6884765625 0.0302734375 0.07421875
0 0.0556640625 0.7451171875 0.025390625 0.015625
0 0.005859375 0.7607421875 0.01171875 0.025390625
0 0.0751953125 0.8564453125 0.01953125 0.0224609375
0 0.0419921875 0.6513671875 0.021484375 0.021484375
0 0.009765625 0.5263671875 0.01953125 0.0556640625
0 0.02734375 0.392578125 0.0185546875 0.01953125
0 0.263671875 0.623046875 0.017578125 0.0205078125
0 0.0966796875 0.5849609375 0.01953125 0.015625
0 0.0908203125 0.607421875 0.013671875 0.017578125
0 0.16015625 0.7578125 0.0478515625 0.0498046875
0 0.2294921875 0.9443359375 0.01953125 0.033203125