0 0.41796875 0.603515625 0.1357421875 0.142578125
0 0.4013671875 0.4130859375 0.0185546875 0.037109375
0 0.216796875 0.3984375 0.1201171875 0.1376953125
0 0.3828125 0.3193359375 0.0927734375 0.09765625
0 0.48046875 0.431640625 0.0283203125 0.044921875
0 0.703125 0.25390625 0.1328125 0.125
0 0.318359375 0.4970703125 0.068359375 0.0830078125
0 0.26171875 0.712890625 0.13671875 0.1376953125
0 0.3369140625 0.2578125 0.083984375 0.0888671875
0 0.734375 0.4912109375 0.0732421875 0.080078125
0 0.4990234375 0.75390625 0.0263671875 0.044921875
0 0.576171875 0.388671875 0.103515625 0.1328125
0 0.7099609375 0.384765625 0.06640625 0.0771484375
0 0.6015625 0.72265625 0.048828125 0.06640625
0 0.548828125 0.2578125 0.126953125 0.150390625
0 0.732421875 0.845703125 0.1640625 0.1767578125
0 0.2216796875 0.619140625 0.02734375 0.046875
0 0.466796875 0.0322265625 0.021484375 0.0283203125
0 0.7314453125 0.7119140625 0.0634765625 0.0830078125
0 0.462890625 0.900390625 0.0771484375 0.1240234375
0 0.6162109375 0.6142578125 0.078125 0.109375
0 0.548828125 0.623046875 0.052734375 0.091796875
0 0.91015625 0.732421875 0.056640625 0.0966796875
0 0.88671875 0.353515625 0.07421875 0.0869140625
0 0.7978515625 0.287109375 0.0634765625 0.0693359375
0 0.5673828125 0.5009765625 0.1142578125 0.1103515625
0 0.6572265625 0.501953125 0.0341796875 0.0712890625
0 0.4619140625 0.359375 0.0498046875 0.0576171875
0 0.287109375 0.4404296875 0.0576171875 0.056640625
0 0.169921875 0.8125 0.0615234375 0.1455078125
0 0.3056640625 0.62890625 0.068359375 0.095703125
0 0.4033203125 0.837890625 0.0625 0.046875
0 0.365234375 0.78515625 0.048828125 0.0712890625
0 0.3125 0.78515625 0.044921875 0.0654296875
0 0.263671875 0.841796875 0.072265625 0.08984375
0 0.3388671875 0.9501953125 0.0751953125 0.08203125
0 0.673828125 0.8095703125 0.0703125 0.080078125
0 0.5556640625 0.80078125 0.0478515625 0.0869140625
0 0.4970703125 0.849609375 0.0546875 0.0859375
0 0.6962890625 0.654296875 0.0791015625 0.0888671875
0 0.642578125 0.7041015625 0.06640625 0.0712890625
0 0.8369140625 0.73046875 0.0947265625 0.095703125
0 0.76953125 0.625 0.0595703125 0.0791015625
0 0.7490234375 0.5771484375 0.060546875 0.0751953125
0 0.796875 0.3994140625 0.080078125 0.0986328125
0 0.8154296875 0.5478515625 0.0771484375 0.1513671875
0 0.9130859375 0.5703125 0.08203125 0.0966796875
0 0.9208984375 0.4609375 0.0595703125 0.1083984375
0 0.3291015625 0.3984375 0.0732421875 0.076171875
0 0.2294921875 0.2744140625 0.087890625 0.0751953125
0 0.671875 0.16015625 0.052734375 0.0419921875
0 0.1083984375 0.5078125 0.130859375 0.13671875
0 0.8076171875 0.013671875 0.05859375 0.01953125
0 0.33203125 0.1162109375 0.0751953125 0.056640625
0 0.2099609375 0.7177734375 0.0703125 0.0966796875
0 0.4677734375 0.5556640625 0.0458984375 0.0380859375