0 0.0859375 0.23828125 0.080078125 0.107421875
0 0.189453125 0.3359375 0.142578125 0.1630859375
0 0.1796875 0.73828125 0.1123046875 0.1162109375
0 0.3232421875 0.8974609375 0.1103515625 0.1240234375
0 0.21484375 0.9169921875 0.107421875 0.166015625
0 0.0927734375 0.8662109375 0.0888671875 0.115234375
0 0.26171875 0.6357421875 0.0869140625 0.2158203125
0 0.5703125 0.267578125 0.109375 0.0966796875
0 0.783203125 0.6494140625 0.1044921875 0.1328125
0 0.677734375 0.662109375 0.125 0.099609375
0 0.5966796875 0.7900390625 0.0927734375 0.1474609375
0 0.4609375 0.61328125 0.05859375 0.1259765625
0 0.400390625 0.6474609375 0.0751953125 0.1162109375
0 0.599609375 0.5380859375 0.0908203125 0.109375
0 0.916015625 0.43359375 0.0908203125 0.1318359375
0 0.5205078125 0.529296875 0.0595703125 0.115234375
0 0.4658203125 0.4951171875 0.0537109375 0.07421875
0 0.8173828125 0.5224609375 0.0712890625 0.078125
0 0.9453125 0.744140625 0.08984375 0.1611328125
0 0.6943359375 0.931640625 0.099609375 0.13671875
0 0.5634765625 0.9296875 0.0673828125 0.1357421875
0 0.5791015625 0.642578125 0.0693359375 0.09375
0 0.7919921875 0.419921875 0.10546875 0.109375
0 0.791015625 0.837890625 0.12109375 0.1376953125
0 0.412109375 0.7763671875 0.0927734375 0.09765625
0 0.4169921875 0.9658203125 0.1533203125 0.0673828125
0 0.1083984375 0.61328125 0.087890625 0.1015625
0 0.576171875 0.3603515625 0.0556640625 0.046875
0 0.5419921875 0.41796875 0.033203125 0.044921875
0 0.1494140625 0.150390625 0.0458984375 0.0732421875
0 0.671875 0.3935546875 0.052734375 0.0703125
0 0.1845703125 0.7138671875 0.0732421875 0.0302734375
0 0.4775390625 0.40625 0.041015625 0.1103515625
0 0.37890625 0.4296875 0.0712890625 0.1318359375
0 0.5146484375 0.3671875 0.0419921875 0.044921875
0 0.435546875 0.4287109375 0.037109375 0.0927734375
0 0.6318359375 0.4453125 0.0625 0.056640625
0 0.7099609375 0.5478515625 0.1162109375 0.12890625
0 0.9091796875 0.6025390625 0.111328125 0.1591796875
0 0.8701171875 0.9521484375 0.099609375 0.078125
0 0.6884765625 0.8125 0.0673828125 0.1064453125