0 0.580078125 0.6171875 0.0537109375 0.072265625
0 0.2392578125 0.408203125 0.0322265625 0.041015625
0 0.6982421875 0.3681640625 0.0400390625 0.06640625
0 0.9033203125 0.5947265625 0.03515625 0.06640625
0 0.869140625 0.30078125 0.048828125 0.0615234375
0 0.7998046875 0.54296875 0.03515625 0.0380859375
0 0.2666015625 0.76953125 0.0380859375 0.056640625
0 0.5908203125 0.767578125 0.0263671875 0.046875
0 0.4296875 0.712890625 0.0302734375 0.0458984375
0 0.5703125 0.494140625 0.0361328125 0.052734375
0 0.462890625 0.7802734375 0.044921875 0.0703125
0 0.1494140625 0.2392578125 0.029296875 0.0341796875
0 0.1181640625 0.77734375 0.05078125 0.068359375
0 0.2822265625 0.873046875 0.037109375 0.0322265625
0 0.9794921875 0.8466796875 0.0390625 0.064453125
0 0.4453125 0.546875 0.0400390625 0.0859375
0 0.0869140625 0.5 0.033203125 0.03125
0 0.3466796875 0.466796875 0.0244140625 0.0400390625
0 0.021484375 0.2998046875 0.0390625 0.080078125
0 0.162109375 0.318359375 0.0400390625 0.0439453125
0 0.744140625 0.1787109375 0.0302734375 0.0400390625
0 0.837890625 0.21875 0.052734375 0.037109375
0 0.955078125 0.7705078125 0.04296875 0.0625
0 0.48828125 0.0341796875 0.0234375 0.044921875
0 0.5126953125 0.6806640625 0.0302734375 0.048828125
0 0.083984375 0.046875 0.048828125 0.044921875
0 0.3291015625 0.2939453125 0.0546875 0.068359375
0 0.630859375 0.1884765625 0.0263671875 0.05078125
0 0.443359375 0.412109375 0.0302734375 0.0400390625
0 0.52734375 0.765625 0.064453125 0.0673828125
0 0.5810546875 0.224609375 0.0283203125 0.0361328125
0 0.783203125 0.95703125 0.02734375 0.037109375
0 0.333984375 0.1533203125 0.0419921875 0.0419921875
0 0.2001953125 0.779296875 0.056640625 0.0693359375
0 0.2314453125 0.5869140625 0.060546875 0.072265625
0 0.7861328125 0.0732421875 0.025390625 0.02734375
0 0.5771484375 0.1474609375 0.0302734375 0.03125
0 0.658203125 0.111328125 0.0439453125 0.05859375
0 0.3125 0.966796875 0.037109375 0.052734375
0 0.62109375 0.271484375 0.03515625 0.0537109375
0 0.734375 0.9501953125 0.0419921875 0.0732421875
0 0.359375 0.201171875 0.0283203125 0.03515625
0 0.447265625 0.173828125 0.0244140625 0.03125
0 0.669921875 0.82421875 0.0439453125 0.05078125
0 0.0595703125 0.5771484375 0.0283203125 0.03125
0 0.091796875 0.3837890625 0.03125 0.0380859375
0 0.984375 0.70703125 0.025390625 0.0380859375
0 0.423828125 0.8544921875 0.025390625 0.03125
0 0.37890625 0.9345703125 0.0517578125 0.037109375
0 0.43359375 0.9228515625 0.0390625 0.029296875
0 0.7939453125 0.869140625 0.0576171875 0.06640625
0 0.2373046875 0.6953125 0.037109375 0.0478515625
0 0.4970703125 0.24609375 0.0419921875 0.05078125
0 0.177734375 0.9169921875 0.044921875 0.068359375
0 0.1474609375 0.8525390625 0.0380859375 0.0361328125
0 0.642578125 0.0458984375 0.021484375 0.0576171875
0 0.28515625 0.5849609375 0.0458984375 0.037109375
0 0.9453125 0.5068359375 0.0380859375 0.0283203125
0 0.1943359375 0.0126953125 0.0302734375 0.0244140625
0 0.458984375 0.3671875 0.0283203125 0.0341796875
0 0.3779296875 0.7841796875 0.05078125 0.05078125
0 0.2841796875 0.15625 0.0302734375 0.03515625
0 0.736328125 0.52734375 0.025390625 0.029296875
0 0.181640625 0.5927734375 0.02734375 0.0390625
0 0.7451171875 0.126953125 0.0224609375 0.0400390625
0 0.326171875 0.0126953125 0.029296875 0.0244140625
0 0.888671875 0.5068359375 0.0537109375 0.0537109375
0 0.021484375 0.158203125 0.0361328125 0.04296875
0 0.6943359375 0.095703125 0.0380859375 0.0478515625
0 0.359375 0.822265625 0.041015625 0.0537109375
0 0.0244140625 0.5498046875 0.03515625 0.046875
0 0.6064453125 0.177734375 0.0224609375 0.03515625
0 0.7626953125 0.02734375 0.0400390625 0.0537109375
0 0.1875 0.37890625 0.041015625 0.0380859375
0 0.068359375 0.912109375 0.0302734375 0.03515625
0 0.017578125 0.794921875 0.0205078125 0.0205078125
0 0.248046875 0.1708984375 0.0283203125 0.0341796875
0 0.6025390625 0.015625 0.0263671875 0.0302734375
0 0.3681640625 0.873046875 0.02734375 0.029296875