0 0.5732421875 0.330078125 0.025390625 0.0361328125
0 0.3681640625 0.453125 0.0205078125 0.0244140625
0 0.15234375 0.6943359375 0.0126953125 0.0126953125
0 0.9384765625 0.66796875 0.0185546875 0.0166015625
0 0.7744140625 0.478515625 0.0126953125 0.0166015625
0 0.220703125 0.6884765625 0.017578125 0.0185546875
0 0.6708984375 0.974609375 0.0185546875 0.01953125
0 0.5849609375 0.7333984375 0.013671875 0.015625
0 0.212890625 0.615234375 0.01171875 0.0126953125
0 0.955078125 0.181640625 0.01171875 0.013671875
0 0.7802734375 0.376953125 0.0068359375 0.0078125
0 0.53515625 0.9150390625 0.0107421875 0.01953125
0 0.8125 0.5205078125 0.0078125 0.0087890625
0 0.3544921875 0.4462890625 0.005859375 0.0068359375
0 0.1787109375 0.5419921875 0.005859375 0.0078125
0 0.4375 0.625 0.0078125 0.009765625
0 0.126953125 0.6005859375 0.0068359375 0.0087890625
0 0.369140625 0.96484375 0.0068359375 0.0087890625
0 0.1220703125 0.5810546875 0.00390625 0.00390625
0 0.7607421875 0.658203125 0.0107421875 0.0126953125
0 0.9345703125 0.4658203125 0.009765625 0.0087890625
0 0.2958984375 0.5849609375 0.005859375 0.0087890625
0 0.5322265625 0.2724609375 0.0087890625 0.0087890625
0 0.0625 0.5234375 0.00390625 0.00390625
0 0.587890625 0.7734375 0.00390625 0.00390625
0 0.57421875 0.568359375 0.0068359375 0.0087890625
0 0.03125 0.79296875 0.0078125 0.0078125
0 0.166015625 0.2353515625 0.0029296875 0.00390625
0 0.416015625 0.11328125 0.0068359375 0.0087890625
0 0.470703125 0.765625 0.0107421875 0.0107421875
0 0.1318359375 0.5419921875 0.0068359375 0.0087890625
0 0.8896484375 0.103515625 0.00390625 0.00390625
0 0.396484375 0.2236328125 0.0087890625 0.0107421875
0 0.2626953125 0.326171875 0.0029296875 0.00390625
0 0.5498046875 0.044921875 0.0068359375 0.0107421875
0 0.3173828125 0.111328125 0.00390625 0.0048828125
0 0.73046875 0.986328125 0.00390625 0.0048828125
0 0.3828125 0.5087890625 0.009765625 0.0078125
0 0.3955078125 0.58984375 0.009765625 0.009765625
0 0.591796875 0.8310546875 0.013671875 0.01171875
0 0.3994140625 0.3388671875 0.0087890625 0.0107421875
0 0.224609375 0.2431640625 0.00390625 0.00390625
0 0.07421875 0.1376953125 0.0068359375 0.0078125
0 0.322265625 0.236328125 0.0029296875 0.00390625
0 0.5703125 0.58984375 0.0087890625 0.013671875
0 0.728515625 0.255859375 0.00390625 0.00390625
0 0.7900390625 0.009765625 0.0029296875 0.00390625
0 0.6455078125 0.94140625 0.0107421875 0.0126953125
0 0.138671875 0.30078125 0.0029296875 0.00390625
0 0.2177734375 0.0947265625 0.0078125 0.009765625
0 0.9267578125 0.177734375 0.00390625 0.00390625
0 0.814453125 0.009765625 0.00390625 0.0048828125
0 0.052734375 0.255859375 0.0029296875 0.00390625
0 0.525390625 0.65234375 0.0068359375 0.0146484375
0 0.0869140625 0.45703125 0.00390625 0.00390625
0 0.3662109375 0.3349609375 0.00390625 0.00390625
0 0.0234375 0.69140625 0.0078125 0.009765625
0 0.291015625 0.8603515625 0.0087890625 0.0078125
0 0.533203125 0.7705078125 0.0107421875 0.01953125
0 0.857421875 0.337890625 0.00390625 0.00390625
0 0.8310546875 0.1142578125 0.009765625 0.013671875
0 0.2353515625 0.529296875 0.01953125 0.0244140625
0 0.2158203125 0.6904296875 0.00390625 0.00390625
0 0.72265625 0.51171875 0.00390625 0.0048828125
0 0.513671875 0.572265625 0.00390625 0.0048828125
0 0.8671875 0.7041015625 0.00390625 0.00390625
0 0.7099609375 0.7314453125 0.00390625 0.00390625
0 0.7490234375 0.6826171875 0.00390625 0.00390625
0 0.0751953125 0.9404296875 0.0107421875 0.01171875
0 0.4033203125 0.94140625 0.017578125 0.01171875
0 0.0068359375 0.822265625 0.009765625 0.009765625
0 0.619140625 0.9150390625 0.013671875 0.009765625
0 0.3056640625 0.84375 0.00390625 0.00390625
0 0.130859375 0.9130859375 0.00390625 0.00390625
0 0.1171875 0.80859375 0.00390625 0.00390625
0 0.0576171875 0.7177734375 0.01171875 0.01171875
0 0.3603515625 0.6669921875 0.0283203125 0.025390625
0 0.2978515625 0.681640625 0.00390625 0.00390625
0 0.2392578125 0.3525390625 0.052734375 0.0361328125
0 0.8740234375 0.2939453125 0.10546875 0.1259765625
0 0.4384765625 0.3388671875 0.11328125 0.083984375
0 0.4326171875 0.41796875 0.072265625 0.04296875
0 0.359375 0.7099609375 0.0166015625 0.0537109375
0 0.7109375 0.81640625 0.1201171875 0.1064453125
0 0.3291015625 0.0517578125 0.056640625 0.0576171875
0 0.0595703125 0.7294921875 0.052734375 0.05859375
0 0.185546875 0.3046875 0.0537109375 0.052734375
0 0.8466796875 0.7373046875 0.017578125 0.0205078125
0 0.9619140625 0.73046875 0.013671875 0.0166015625
0 0.4931640625 0.1181640625 0.0126953125 0.021484375
0 0.916015625 0.685546875 0.0146484375 0.0234375
0 0.119140625 0.091796875 0.0146484375 0.01953125
0 0.623046875 0.3623046875 0.015625 0.021484375
0 0.6875 0.357421875 0.025390625 0.021484375
0 0.4697265625 0.7783203125 0.013671875 0.0390625
0 0.830078125 0.1259765625 0.0166015625 0.04296875
0 0.3701171875 0.6142578125 0.0185546875 0.0322265625
0 0.5205078125 0.5888671875 0.0302734375 0.0419921875
0 0.7197265625 0.267578125 0.0654296875 0.06640625
0 0.7177734375 0.515625 0.0390625 0.048828125
0 0.75390625 0.4013671875 0.05859375 0.0654296875
0 0.822265625 0.5048828125 0.107421875 0.0712890625
0 0.3212890625 0.1181640625 0.0224609375 0.029296875
0 0.3681640625 0.337890625 0.01171875 0.0126953125
0 0.8115234375 0.015625 0.0693359375 0.025390625
0 0.39453125 0.6953125 0.013671875 0.0283203125