0 0.36328125 0.6630859375 0.078125 0.091796875
0 0.267578125 0.9541015625 0.060546875 0.0654296875
0 0.197265625 0.9609375 0.0625 0.0400390625
0 0.462890625 0.7939453125 0.072265625 0.052734375
0 0.41796875 0.7578125 0.0703125 0.0634765625
0 0.51953125 0.646484375 0.05859375 0.0771484375
0 0.4326171875 0.5205078125 0.115234375 0.080078125
0 0.45703125 0.447265625 0.025390625 0.033203125
0 0.4794921875 0.4208984375 0.048828125 0.0400390625
0 0.443359375 0.396484375 0.0703125 0.05859375
0 0.7333984375 0.2548828125 0.072265625 0.064453125
0 0.189453125 0.328125 0.06640625 0.0791015625
0 0.09375 0.3408203125 0.1005859375 0.060546875
0 0.111328125 0.56640625 0.0810546875 0.064453125
0 0.2587890625 0.8779296875 0.06640625 0.0732421875
0 0.3291015625 0.9013671875 0.07421875 0.0625
0 0.501953125 0.974609375 0.05078125 0.05078125
0 0.4462890625 0.9609375 0.0537109375 0.0771484375
0 0.4951171875 0.92578125 0.0322265625 0.0380859375
0 0.54296875 0.798828125 0.0703125 0.04296875
0 0.48046875 0.8515625 0.0537109375 0.0537109375
0 0.232421875 0.7548828125 0.1005859375 0.06640625
0 0.2275390625 0.5283203125 0.041015625 0.0595703125
0 0.302734375 0.279296875 0.0732421875 0.09375
0 0.2578125 0.1904296875 0.0625 0.076171875
0 0.4169921875 0.1328125 0.041015625 0.0478515625
0 0.4736328125 0.2109375 0.111328125 0.06640625
0 0.2431640625 0.6513671875 0.0224609375 0.0576171875
0 0.30859375 0.638671875 0.048828125 0.052734375
0 0.541015625 0.8662109375 0.041015625 0.037109375
0 0.51953125 0.8896484375 0.033203125 0.0380859375
0 0.5478515625 0.9140625 0.03515625 0.037109375
0 0.6767578125 0.6005859375 0.0810546875 0.109375
0 0.76953125 0.8828125 0.0712890625 0.0673828125
0 0.724609375 0.7412109375 0.052734375 0.05859375
0 0.6357421875 0.7353515625 0.0625 0.083984375
0 0.529296875 0.51171875 0.099609375 0.08203125
0 0.763671875 0.3603515625 0.0888671875 0.0908203125
0 0.568359375 0.3125 0.0751953125 0.0732421875
0 0.09765625 0.4384765625 0.0576171875 0.064453125
0 0.31640625 0.1220703125 0.05859375 0.0673828125
0 0.1865234375 0.25390625 0.107421875 0.064453125
0 0.607421875 0.1376953125 0.060546875 0.0478515625
0 0.1611328125 0.1689453125 0.0654296875 0.0712890625
0 0.3046875 0.0888671875 0.033203125 0.0341796875
0 0.365234375 0.41015625 0.0341796875 0.0400390625
0 0.119140625 0.798828125 0.01953125 0.017578125
0 0.7236328125 0.138671875 0.0498046875 0.0625
0 0.8232421875 0.58984375 0.046875 0.146484375
0 0.544921875 0.388671875 0.025390625 0.0166015625
0 0.904296875 0.1904296875 0.0634765625 0.0615234375
0 0.626953125 0.029296875 0.02734375 0.0244140625
0 0.052734375 0.259765625 0.0078125 0.01171875
0 0.2060546875 0.4296875 0.0205078125 0.029296875
0 0.373046875 0.1484375 0.037109375 0.07421875
0 0.3125 0.208984375 0.037109375 0.044921875
0 0.35546875 0.8037109375 0.05859375 0.06640625
0 0.3544921875 0.73828125 0.0517578125 0.046875
0 0.646484375 0.80859375 0.0546875 0.0380859375
0 0.6064453125 0.9521484375 0.0625 0.0947265625
0 0.64453125 0.208984375 0.0498046875 0.0537109375
0 0.673828125 0.3408203125 0.080078125 0.080078125
0 0.6064453125 0.5556640625 0.0537109375 0.0703125
0 0.56640625 0.6875 0.04296875 0.0556640625
0 0.6962890625 0.9501953125 0.0693359375 0.080078125
0 0.8037109375 0.927734375 0.078125 0.0625
0 0.5380859375 0.580078125 0.037109375 0.0322265625
0 0.7880859375 0.4580078125 0.0634765625 0.0830078125
0 0.7158203125 0.4912109375 0.048828125 0.0869140625
0 0.849609375 0.302734375 0.0703125 0.0947265625
0 0.48828125 0.2861328125 0.0556640625 0.052734375
0 0.29296875 0.45703125 0.0673828125 0.0751953125
0 0.3125 0.5576171875 0.10546875 0.0927734375
0 0.9140625 0.630859375 0.041015625 0.0830078125
0 0.865234375 0.564453125 0.0419921875 0.064453125
0 0.8623046875 0.6484375 0.0537109375 0.0791015625
0 0.8623046875 0.8525390625 0.1005859375 0.087890625
0 0.9560546875 0.8134765625 0.046875 0.0791015625
0 0.9755859375 0.6220703125 0.0390625 0.0595703125
0 0.7802734375 0.982421875 0.072265625 0.0341796875
0 0.3662109375 0.974609375 0.044921875 0.05078125
0 0.7783203125 0.642578125 0.0322265625 0.0478515625
0 0.708984375 0.67578125 0.0703125 0.068359375
0 0.7880859375 0.53125 0.0595703125 0.0634765625
0 0.982421875 0.541015625 0.03515625 0.044921875
0 0.9248046875 0.5478515625 0.046875 0.068359375
0 0.623046875 0.3671875 0.037109375 0.046875
0 0.6953125 0.4287109375 0.0546875 0.0625
0 0.580078125 0.8271484375 0.0458984375 0.0419921875
0 0.765625 0.7978515625 0.0703125 0.08984375
0 0.8818359375 0.7880859375 0.0556640625 0.0546875
0 0.3603515625 0.3466796875 0.0732421875 0.099609375
0 0.53125 0.119140625 0.1181640625 0.0869140625
0 0.498046875 0.734375 0.0693359375 0.0751953125
0 0.5595703125 0.7470703125 0.041015625 0.0380859375