0 0.3193359375 0.35546875 0.0400390625 0.0380859375
0 0.5712890625 0.927734375 0.0712890625 0.06640625
0 0.091796875 0.8876953125 0.0712890625 0.0546875
0 0.5283203125 0.4970703125 0.029296875 0.0361328125
0 0.7255859375 0.708984375 0.0341796875 0.0263671875
0 0.9091796875 0.6025390625 0.0830078125 0.04296875
0 0.3603515625 0.6953125 0.0908203125 0.08984375
0 0.2724609375 0.4921875 0.046875 0.0849609375
0 0.033203125 0.2626953125 0.0654296875 0.05078125
0 0.529296875 0.5263671875 0.041015625 0.0205078125
0 0.9326171875 0.6630859375 0.0107421875 0.013671875
0 0.9580078125 0.6591796875 0.021484375 0.013671875
0 0.91796875 0.705078125 0.0673828125 0.0751953125
0 0.9208984375 0.751953125 0.02734375 0.015625
0 0.9580078125 0.7607421875 0.0234375 0.0322265625
0 0.9677734375 0.68359375 0.021484375 0.029296875
0 0.974609375 0.701171875 0.029296875 0.03125
0 0.986328125 0.7392578125 0.015625 0.017578125
0 0.4599609375 0.814453125 0.0458984375 0.025390625
0 0.7822265625 0.904296875 0.0556640625 0.06640625
0 0.7294921875 0.8798828125 0.04296875 0.0458984375
0 0.22265625 0.9462890625 0.08984375 0.08984375
0 0.9287109375 0.896484375 0.0185546875 0.025390625
0 0.0537109375 0.6640625 0.05078125 0.052734375
0 0.34765625 0.9560546875 0.0341796875 0.0478515625
0 0.3154296875 0.83984375 0.029296875 0.029296875
0 0.8603515625 0.55859375 0.0048828125 0.0087890625
0 0.4833984375 0.6826171875 0.03515625 0.0908203125
0 0.72265625 0.7744140625 0.005859375 0.0078125
0 0.751953125 0.6953125 0.021484375 0.0283203125
0 0.5498046875 0.8173828125 0.0107421875 0.015625
0 0.9658203125 0.8056640625 0.017578125 0.0166015625
0 0.55859375 0.8642578125 0.01171875 0.017578125
0 0.654296875 0.8564453125 0.01171875 0.013671875
0 0.0810546875 0.5869140625 0.005859375 0.0087890625
0 0.0341796875 0.767578125 0.0419921875 0.0771484375
0 0.4833984375 0.8544921875 0.0048828125 0.0078125
0 0.49609375 0.1875 0.0830078125 0.06640625
0 0.5322265625 0.1416015625 0.025390625 0.0185546875
0 0.4677734375 0.193359375 0.025390625 0.0439453125
0 0.7744140625 0.6376953125 0.01953125 0.01953125
0 0.9765625 0.8447265625 0.0205078125 0.015625
0 0.8583984375 0.578125 0.0068359375 0.0068359375
0 0.0244140625 0.35546875 0.0439453125 0.037109375
0 0.04296875 0.5078125 0.07421875 0.048828125
0 0.09765625 0.5751953125 0.0390625 0.0380859375
0 0.857421875 0.51953125 0.0126953125 0.015625
0 0.919921875 0.9521484375 0.029296875 0.0185546875
0 0.4443359375 0.8193359375 0.013671875 0.015625
0 0.58984375 0.064453125 0.0068359375 0.01171875
0 0.2470703125 0.9306640625 0.015625 0.0126953125
0 0.8779296875 0.83984375 0.0068359375 0.0068359375
0 0.392578125 0.9052734375 0.0078125 0.0107421875
0 0.7080078125 0.9765625 0.0234375 0.0234375
0 0.626953125 0.578125 0.0146484375 0.0146484375
0 0.6240234375 0.55078125 0.01171875 0.0087890625
0 0.0234375 0.50390625 0.005859375 0.0078125
0 0.423828125 0.8974609375 0.0205078125 0.037109375
0 0.875 0.818359375 0.0107421875 0.009765625
0 0.11328125 0.798828125 0.0048828125 0.005859375
0 0.5537109375 0.0927734375 0.0849609375 0.1396484375
0 0.4423828125 0.447265625 0.02734375 0.0634765625
0 0.083984375 0.849609375 0.02734375 0.0263671875
0 0.4697265625 0.3994140625 0.0244140625 0.0224609375
0 0.4326171875 0.935546875 0.0322265625 0.0283203125
0 0.1044921875 0.615234375 0.04296875 0.02734375
0 0.708984375 0.5751953125 0.0703125 0.033203125
0 0.658203125 0.5986328125 0.021484375 0.0244140625
0 0.6123046875 0.62109375 0.01953125 0.05859375
0 0.6005859375 0.576171875 0.0126953125 0.0146484375
0 0.5185546875 0.5595703125 0.0087890625 0.0205078125
0 0.5517578125 0.599609375 0.0146484375 0.033203125