0 0.4453125 0.4169921875 0.0830078125 0.1279296875
0 0.5439453125 0.37109375 0.0458984375 0.103515625
0 0.5087890625 0.3837890625 0.015625 0.033203125
0 0.6025390625 0.3310546875 0.025390625 0.03125
0 0.58984375 0.419921875 0.0244140625 0.0361328125
0 0.462890625 0.5830078125 0.0341796875 0.0576171875
0 0.5751953125 0.76171875 0.04296875 0.0390625
0 0.6328125 0.796875 0.0693359375 0.0546875
0 0.646484375 0.6953125 0.0498046875 0.056640625
0 0.638671875 0.640625 0.046875 0.04296875
0 0.5302734375 0.87890625 0.0302734375 0.076171875
0 0.529296875 0.80078125 0.037109375 0.044921875
0 0.341796875 0.798828125 0.0498046875 0.107421875
0 0.3017578125 0.96875 0.064453125 0.0625
0 0.1552734375 0.8671875 0.0966796875 0.0869140625
0 0.1650390625 0.9580078125 0.1123046875 0.078125
0 0.0390625 0.740234375 0.05859375 0.099609375
0 0.0888671875 0.6435546875 0.0546875 0.05859375
0 0.017578125 0.8388671875 0.03515625 0.0888671875
0 0.26171875 0.716796875 0.021484375 0.0537109375
0 0.466796875 0.7900390625 0.0751953125 0.0703125
0 0.466796875 0.8427734375 0.0751953125 0.03515625
0 0.9482421875 0.9169921875 0.0498046875 0.08984375
0 0.9384765625 0.8408203125 0.04296875 0.033203125
0 0.8984375 0.8408203125 0.02734375 0.0615234375
0 0.78515625 0.7578125 0.03515625 0.068359375
0 0.8330078125 0.7197265625 0.0322265625 0.0380859375
0 0.294921875 0.796875 0.03125 0.0166015625
0 0.2392578125 0.7978515625 0.02734375 0.0712890625
0 0.2724609375 0.7919921875 0.0341796875 0.048828125
0 0.298828125 0.7138671875 0.0283203125 0.0458984375
0 0.361328125 0.9765625 0.0185546875 0.021484375
0 0.2109375 0.7890625 0.015625 0.0322265625
0 0.06640625 0.58203125 0.0419921875 0.0283203125
0 0.13671875 0.6044921875 0.0244140625 0.0205078125
0 0.0380859375 0.5146484375 0.03515625 0.0498046875
0 0.44140625 0.6767578125 0.017578125 0.046875
0 0.4150390625 0.62890625 0.021484375 0.0322265625
0 0.451171875 0.63671875 0.0458984375 0.0283203125
0 0.328125 0.572265625 0.0390625 0.05078125
0 0.4873046875 0.9150390625 0.025390625 0.0283203125
0 0.58984375 0.9111328125 0.02734375 0.0498046875
0 0.572265625 0.9482421875 0.0205078125 0.078125
0 0.189453125 0.7265625 0.0546875 0.0166015625
0 0.125 0.755859375 0.029296875 0.021484375
0 0.080078125 0.7529296875 0.0283203125 0.0986328125
0 0.8447265625 0.779296875 0.041015625 0.068359375
0 0.3623046875 0.48046875 0.0078125 0.0126953125
0 0.5595703125 0.1533203125 0.109375 0.1279296875
0 0.970703125 0.130859375 0.0419921875 0.0625
0 0.9609375 0.2216796875 0.0595703125 0.125
0 0.9775390625 0.6005859375 0.044921875 0.0908203125
0 0.9833984375 0.328125 0.033203125 0.05859375
0 0.9873046875 0.3828125 0.025390625 0.046875
0 0.126953125 0.4365234375 0.0546875 0.07421875
0 0.236328125 0.681640625 0.02734375 0.0908203125
0 0.400390625 0.8427734375 0.044921875 0.1943359375
0 0.1640625 0.513671875 0.037109375 0.0322265625
0 0.537109375 0.673828125 0.0390625 0.068359375
0 0.5126953125 0.26953125 0.017578125 0.08203125
0 0.021484375 0.3232421875 0.013671875 0.01953125
0 0.029296875 0.3662109375 0.0537109375 0.0986328125
0 0.734375 0.5419921875 0.037109375 0.0498046875
0 0.822265625 0.5458984375 0.01953125 0.021484375
0 0.83203125 0.5205078125 0.0234375 0.0146484375
0 0.783203125 0.544921875 0.03125 0.0341796875
0 0.669921875 0.5517578125 0.0146484375 0.0380859375
0 0.7236328125 0.630859375 0.0654296875 0.029296875
0 0.70703125 0.6044921875 0.0224609375 0.0146484375
0 0.376953125 0.5869140625 0.046875 0.1318359375
0 0.1904296875 0.453125 0.021484375 0.0205078125
0 0.0908203125 0.4990234375 0.037109375 0.02734375
0 0.1591796875 0.3388671875 0.0244140625 0.0224609375
0 0.1552734375 0.3740234375 0.0244140625 0.017578125
0 0.0869140625 0.26171875 0.0478515625 0.068359375
0 0.125 0.0400390625 0.052734375 0.064453125
0 0.6865234375 0.7529296875 0.0302734375 0.0419921875
0 0.71484375 0.7421875 0.0185546875 0.0224609375
0 0.697265625 0.7001953125 0.03125 0.02734375
0 0.681640625 0.6484375 0.015625 0.03515625
0 0.4990234375 0.6240234375 0.0224609375 0.0556640625