0 0.2958984375 0.578125 0.0166015625 0.0185546875
0 0.4326171875 0.810546875 0.021484375 0.0322265625
0 0.4521484375 0.57421875 0.0380859375 0.0283203125
0 0.455078125 0.5380859375 0.0302734375 0.0322265625
0 0.4326171875 0.5029296875 0.0185546875 0.01953125
0 0.513671875 0.6474609375 0.017578125 0.0244140625
0 0.2841796875 0.7578125 0.017578125 0.025390625
0 0.408203125 0.7431640625 0.0224609375 0.025390625
0 0.41015625 0.7724609375 0.0234375 0.021484375
0 0.4482421875 0.8564453125 0.015625 0.025390625
0 0.3681640625 0.9296875 0.009765625 0.0166015625
0 0.1953125 0.6767578125 0.0224609375 0.029296875
0 0.25390625 0.4296875 0.01171875 0.013671875
0 0.1806640625 0.50390625 0.0087890625 0.01171875
0 0.37109375 0.3994140625 0.017578125 0.0185546875
0 0.3984375 0.314453125 0.01171875 0.015625
0 0.421875 0.298828125 0.02734375 0.0263671875
0 0.4443359375 0.279296875 0.0185546875 0.0185546875
0 0.4443359375 0.3662109375 0.0146484375 0.048828125
0 0.3935546875 0.1865234375 0.009765625 0.0185546875
0 0.375 0.203125 0.01171875 0.0146484375
0 0.484375 0.0283203125 0.0205078125 0.01953125
0 0.57421875 0.166015625 0.0166015625 0.02734375
0 0.646484375 0.244140625 0.013671875 0.0166015625
0 0.6416015625 0.349609375 0.009765625 0.0185546875
0 0.5029296875 0.3251953125 0.0068359375 0.0166015625
0 0.609375 0.138671875 0.0146484375 0.0224609375
0 0.763671875 0.1298828125 0.0126953125 0.01953125
0 0.7275390625 0.1220703125 0.01171875 0.015625
0 0.736328125 0.0771484375 0.0087890625 0.015625
0 0.8095703125 0.271484375 0.009765625 0.01171875
0 0.8642578125 0.31640625 0.0078125 0.0126953125
0 0.8544921875 0.3671875 0.005859375 0.009765625
0 0.7138671875 0.3681640625 0.0087890625 0.015625
0 0.697265625 0.3369140625 0.0087890625 0.013671875
0 0.7421875 0.2919921875 0.0078125 0.0126953125
0 0.8212890625 0.4423828125 0.0078125 0.01171875
0 0.75390625 0.53125 0.0126953125 0.015625
0 0.8681640625 0.5224609375 0.009765625 0.0126953125
0 0.763671875 0.4697265625 0.0166015625 0.0244140625
0 0.5185546875 0.5400390625 0.01171875 0.0166015625
0 0.6826171875 0.66796875 0.009765625 0.01953125
0 0.79296875 0.6337890625 0.0126953125 0.013671875
0 0.73046875 0.64453125 0.0185546875 0.0263671875
0 0.716796875 0.576171875 0.0185546875 0.0068359375
0 0.6083984375 0.5302734375 0.009765625 0.0146484375
0 0.583984375 0.51953125 0.0087890625 0.013671875
0 0.6064453125 0.634765625 0.0068359375 0.013671875
0 0.53515625 0.66015625 0.0068359375 0.01171875
0 0.5322265625 0.5927734375 0.0126953125 0.0146484375
0 0.5771484375 0.59765625 0.0087890625 0.013671875
0 0.6064453125 0.7939453125 0.0068359375 0.01171875
0 0.7236328125 0.7021484375 0.01171875 0.0107421875
0 0.8212890625 0.724609375 0.0126953125 0.013671875
0 0.6259765625 0.880859375 0.0087890625 0.015625
0 0.6923828125 0.841796875 0.0087890625 0.01171875
0 0.6630859375 0.767578125 0.0087890625 0.013671875
0 0.685546875 0.7705078125 0.0078125 0.0126953125
0 0.6923828125 0.7138671875 0.013671875 0.0107421875
0 0.697265625 0.7236328125 0.0068359375 0.0087890625
0 0.544921875 0.7431640625 0.01171875 0.01953125
0 0.5869140625 0.7685546875 0.0087890625 0.0146484375
0 0.5048828125 0.7509765625 0.01171875 0.0078125
0 0.564453125 0.630859375 0.01953125 0.025390625
0 0.6513671875 0.662109375 0.0205078125 0.025390625
0 0.5263671875 0.80078125 0.009765625 0.0146484375
0 0.5478515625 0.7978515625 0.01171875 0.037109375
0 0.5361328125 0.82421875 0.0126953125 0.01171875
0 0.5 0.8828125 0.0078125 0.021484375
0 0.52734375 0.884765625 0.013671875 0.0107421875
0 0.51171875 0.8505859375 0.0087890625 0.0087890625
0 0.6552734375 0.9013671875 0.0068359375 0.009765625
0 0.615234375 0.4619140625 0.0302734375 0.0322265625
0 0.853515625 0.78125 0.015625 0.0224609375
0 0.728515625 0.7265625 0.0078125 0.0107421875
0 0.912109375 0.685546875 0.017578125 0.013671875
0 0.6767578125 0.8017578125 0.0146484375 0.041015625
0 0.8486328125 0.91015625 0.02734375 0.013671875
0 0.5615234375 0.91015625 0.0244140625 0.0224609375
0 0.5712890625 0.8642578125 0.013671875 0.013671875
0 0.58984375 0.83984375 0.0146484375 0.013671875
0 0.4931640625 0.9443359375 0.009765625 0.033203125
0 0.392578125 0.9140625 0.013671875 0.03125
0 0.380859375 0.8466796875 0.0244140625 0.015625
0 0.3916015625 0.8212890625 0.017578125 0.0126953125
0 0.3408203125 0.7431640625 0.0146484375 0.01171875
0 0.34375 0.7294921875 0.0166015625 0.0107421875
0 0.294921875 0.7080078125 0.0205078125 0.009765625
0 0.294921875 0.7216796875 0.017578125 0.013671875
0 0.298828125 0.7373046875 0.0234375 0.013671875
0 0.42578125 0.6796875 0.0146484375 0.01953125
0 0.451171875 0.7314453125 0.0107421875 0.021484375
0 0.501953125 0.7265625 0.01953125 0.029296875
0 0.154296875 0.71484375 0.0146484375 0.015625
0 0.064453125 0.654296875 0.013671875 0.0224609375
0 0.107421875 0.69140625 0.015625 0.0224609375
0 0.21875 0.58984375 0.0087890625 0.01171875
0 0.2470703125 0.4970703125 0.013671875 0.0166015625
0 0.32421875 0.4638671875 0.0185546875 0.017578125
0 0.4052734375 0.486328125 0.013671875 0.029296875
0 0.37890625 0.427734375 0.0166015625 0.0224609375
0 0.251953125 0.5654296875 0.009765625 0.0283203125
0 0.2607421875 0.583984375 0.01171875 0.03125
0 0.2626953125 0.5322265625 0.0205078125 0.025390625
0 0.27734375 0.431640625 0.009765625 0.0185546875
0 0.30078125 0.427734375 0.0205078125 0.0166015625
0 0.4462890625 0.603515625 0.0234375 0.013671875
0 0.466796875 0.603515625 0.0146484375 0.0185546875
0 0.3525390625 0.90234375 0.0126953125 0.0244140625
0 0.474609375 0.8681640625 0.01171875 0.0146484375
0 0.3037109375 0.953125 0.013671875 0.017578125
0 0.3515625 0.974609375 0.015625 0.0166015625
0 0.3310546875 0.966796875 0.0107421875 0.017578125
0 0.2646484375 0.8876953125 0.0087890625 0.0107421875
0 0.314453125 0.8349609375 0.0234375 0.029296875
0 0.19921875 0.8046875 0.009765625 0.0283203125
0 0.1123046875 0.8232421875 0.0234375 0.015625
0 0.068359375 0.8759765625 0.015625 0.013671875
0 0.119140625 0.96484375 0.0439453125 0.021484375
0 0.189453125 0.8330078125 0.0078125 0.0107421875
0 0.1875 0.849609375 0.0078125 0.0107421875
0 0.173828125 0.806640625 0.0107421875 0.0146484375
0 0.1650390625 0.8232421875 0.015625 0.015625
0 0.453125 0.947265625 0.009765625 0.0078125
0 0.482421875 0.9765625 0.005859375 0.0166015625
0 0.3828125 0.9833984375 0.0146484375 0.0107421875
0 0.50390625 0.810546875 0.0146484375 0.017578125
0 0.7607421875 0.8037109375 0.0146484375 0.0322265625
0 0.861328125 0.7158203125 0.0068359375 0.0185546875
0 0.8759765625 0.7294921875 0.0107421875 0.0283203125
0 0.7470703125 0.619140625 0.0126953125 0.0283203125
0 0.6650390625 0.5361328125 0.015625 0.03515625
0 0.7177734375 0.52734375 0.0234375 0.033203125
0 0.7763671875 0.5185546875 0.033203125 0.0224609375
0 0.81640625 0.546875 0.01953125 0.029296875
0 0.837890625 0.578125 0.0146484375 0.0732421875
0 0.86328125 0.6015625 0.0146484375 0.0205078125
0 0.9306640625 0.599609375 0.0126953125 0.01953125
0 0.7958984375 0.4755859375 0.0205078125 0.0205078125
0 0.6611328125 0.392578125 0.03125 0.03515625
0 0.6669921875 0.4326171875 0.0185546875 0.0400390625
0 0.5810546875 0.322265625 0.02734375 0.0283203125
0 0.9658203125 0.421875 0.009765625 0.0166015625
0 0.9853515625 0.4287109375 0.01171875 0.009765625
0 0.8740234375 0.345703125 0.0146484375 0.015625
0 0.9501953125 0.66015625 0.01171875 0.009765625
0 0.8837890625 0.9140625 0.01171875 0.0283203125
0 0.8994140625 0.9296875 0.0107421875 0.0068359375
0 0.392578125 0.36328125 0.0322265625 0.048828125
0 0.2568359375 0.3583984375 0.0185546875 0.0205078125
0 0.154296875 0.37890625 0.015625 0.025390625
0 0.0478515625 0.3564453125 0.015625 0.0205078125
0 0.33203125 0.26171875 0.013671875 0.0322265625
0 0.50390625 0.216796875 0.015625 0.0185546875
0 0.46484375 0.1357421875 0.015625 0.017578125
0 0.5947265625 0.19140625 0.0283203125 0.0302734375
0 0.6552734375 0.12890625 0.013671875 0.0185546875
0 0.63671875 0.15234375 0.0078125 0.0166015625
0 0.8046875 0.1630859375 0.0224609375 0.052734375
0 0.560546875 0.4931640625 0.0234375 0.01953125
0 0.541015625 0.5244140625 0.0166015625 0.0234375