0 0.455078125 0.2138671875 0.1943359375 0.263671875
0 0.58984375 0.4990234375 0.146484375 0.08984375
0 0.3916015625 0.7646484375 0.1923828125 0.21875
0 0.146484375 0.7236328125 0.123046875 0.166015625
0 0.5185546875 0.7216796875 0.0703125 0.1259765625
0 0.7109375 0.6083984375 0.0947265625 0.197265625
0 0.591796875 0.37109375 0.0859375 0.13671875
0 0.08984375 0.46875 0.1591796875 0.2275390625
0 0.7158203125 0.31640625 0.1220703125 0.1376953125
0 0.6240234375 0.7216796875 0.0498046875 0.044921875
0 0.486328125 0.8525390625 0.1708984375 0.1201171875
0 0.736328125 0.8818359375 0.1728515625 0.134765625
0 0.3662109375 0.5234375 0.076171875 0.0673828125
0 0.482421875 0.513671875 0.0244140625 0.0458984375
0 0.90234375 0.314453125 0.1953125 0.283203125
0 0.8310546875 0.7177734375 0.1162109375 0.091796875
0 0.2763671875 0.4833984375 0.0576171875 0.05859375
0 0.3232421875 0.6552734375 0.0283203125 0.0390625
0 0.10546875 0.14453125 0.2109375 0.2744140625
0 0.86328125 0.8330078125 0.0361328125 0.0400390625
0 0.908203125 0.115234375 0.1767578125 0.2001953125