0 0.8486328125 0.591796875 0.0966796875 0.076171875
0 0.857421875 0.5244140625 0.080078125 0.068359375
0 0.580078125 0.4970703125 0.04296875 0.1416015625
0 0.359375 0.474609375 0.1064453125 0.09765625
0 0.3759765625 0.638671875 0.04296875 0.0771484375
0 0.4638671875 0.3173828125 0.0615234375 0.0947265625
0 0.1787109375 0.5107421875 0.0732421875 0.0498046875
0 0.470703125 0.90234375 0.0927734375 0.0947265625
0 0.412109375 0.802734375 0.046875 0.0458984375
0 0.2919921875 0.9541015625 0.0771484375 0.0908203125
0 0.291015625 0.7431640625 0.052734375 0.083984375
0 0.421875 0.236328125 0.0517578125 0.0380859375
0 0.7314453125 0.1767578125 0.0673828125 0.0751953125
0 0.6201171875 0.3125 0.0537109375 0.080078125
0 0.45703125 0.423828125 0.046875 0.05078125
0 0.3720703125 0.328125 0.1201171875 0.08984375
0 0.4873046875 0.609375 0.0517578125 0.0654296875
0 0.513671875 0.685546875 0.083984375 0.1083984375
0 0.619140625 0.75 0.119140625 0.0927734375
0 0.6142578125 0.6494140625 0.123046875 0.0859375
0 0.935546875 0.7275390625 0.09375 0.09765625
0 0.7470703125 0.4287109375 0.0986328125 0.0810546875
0 0.8291015625 0.43359375 0.0849609375 0.07421875
0 0.65625 0.5048828125 0.08203125 0.095703125
0 0.6171875 0.439453125 0.048828125 0.0517578125
0 0.5517578125 0.3779296875 0.1171875 0.1103515625
0 0.712890625 0.873046875 0.0732421875 0.091796875
0 0.818359375 0.7099609375 0.0478515625 0.076171875
0 0.2021484375 0.7333984375 0.0654296875 0.0810546875
0 0.828125 0.326171875 0.087890625 0.08984375
0 0.12890625 0.5869140625 0.08984375 0.091796875
0 0.587890625 0.0458984375 0.091796875 0.0869140625
0 0.5361328125 0.5439453125 0.025390625 0.033203125
0 0.419921875 0.6357421875 0.01171875 0.01953125
0 0.3134765625 0.5029296875 0.013671875 0.03125
0 0.73046875 0.2705078125 0.0673828125 0.099609375
0 0.8330078125 0.2880859375 0.01171875 0.0263671875
0 0.9833984375 0.294921875 0.0234375 0.0224609375
0 0.259765625 0.2548828125 0.0078125 0.009765625
0 0.3212890625 0.1318359375 0.041015625 0.1015625
0 0.23046875 0.6494140625 0.01953125 0.04296875
0 0.3056640625 0.0810546875 0.0087890625 0.0126953125
0 0.2734375 0.28515625 0.009765625 0.0078125
0 0.33203125 0.8486328125 0.0546875 0.0654296875
0 0.7080078125 0.177734375 0.0087890625 0.0166015625
0 0.6083984375 0.2919921875 0.009765625 0.015625
0 0.447265625 0.501953125 0.0546875 0.0888671875
0 0.5107421875 0.4599609375 0.0673828125 0.0478515625
0 0.2490234375 0.482421875 0.05859375 0.056640625
0 0.2919921875 0.48828125 0.025390625 0.0498046875
0 0.15625 0.375 0.0634765625 0.05859375
0 0.1865234375 0.44140625 0.0869140625 0.0810546875
0 0.0390625 0.828125 0.041015625 0.0556640625
0 0.0224609375 0.8837890625 0.044921875 0.048828125
0 0.18359375 0.818359375 0.078125 0.0751953125
0 0.1904296875 0.935546875 0.0625 0.0908203125
0 0.2802734375 0.8447265625 0.078125 0.1044921875
0 0.3740234375 0.9619140625 0.068359375 0.076171875
0 0.1923828125 0.66015625 0.060546875 0.0634765625
0 0.0693359375 0.5546875 0.0615234375 0.0869140625
0 0.0673828125 0.3134765625 0.068359375 0.07421875
0 0.2890625 0.3984375 0.056640625 0.103515625
0 0.337890625 0.25390625 0.05859375 0.0556640625
0 0.41796875 0.189453125 0.0673828125 0.072265625
0 0.43359375 0.59765625 0.0341796875 0.0419921875
0 0.4365234375 0.6650390625 0.033203125 0.0263671875
0 0.880859375 0.87890625 0.0771484375 0.09765625
0 0.833984375 0.78125 0.064453125 0.060546875
0 0.7001953125 0.6884765625 0.0390625 0.056640625
0 0.7705078125 0.5830078125 0.0458984375 0.060546875
0 0.7900390625 0.5166015625 0.0556640625 0.0791015625
0 0.728515625 0.517578125 0.044921875 0.0595703125
0 0.5244140625 0.287109375 0.041015625 0.0556640625
0 0.619140625 0.189453125 0.0205078125 0.025390625
0 0.7490234375 0.052734375 0.044921875 0.0537109375
0 0.5146484375 0.142578125 0.103515625 0.0927734375
0 0.6748046875 0.30078125 0.0322265625 0.0419921875
0 0.7265625 0.337890625 0.025390625 0.0263671875
0 0.7021484375 0.603515625 0.0703125 0.09765625
0 0.541015625 0.8994140625 0.0498046875 0.07421875
0 0.4609375 0.8046875 0.0400390625 0.07421875
0 0.5185546875 0.9794921875 0.0625 0.041015625
0 0.396484375 0.8330078125 0.052734375 0.0478515625
0 0.7509765625 0.75 0.0791015625 0.068359375