0 0.7197265625 0.1494140625 0.08203125 0.0703125
0 0.58984375 0.125 0.0615234375 0.0439453125
0 0.451171875 0.201171875 0.06640625 0.080078125
0 0.353515625 0.2861328125 0.0439453125 0.048828125
0 0.2958984375 0.4794921875 0.0546875 0.0546875
0 0.4765625 0.3330078125 0.0625 0.08203125
0 0.240234375 0.4072265625 0.0322265625 0.0625
0 0.4248046875 0.5458984375 0.0712890625 0.0771484375
0 0.2568359375 0.787109375 0.0576171875 0.0634765625
0 0.2265625 0.8388671875 0.056640625 0.048828125
0 0.26953125 0.880859375 0.0419921875 0.0576171875
0 0.3095703125 0.9443359375 0.0498046875 0.05859375
0 0.43359375 0.7890625 0.0576171875 0.0703125
0 0.3935546875 0.8798828125 0.0439453125 0.0791015625
0 0.5478515625 0.9248046875 0.0625 0.0673828125
0 0.6083984375 0.9013671875 0.052734375 0.0625
0 0.6240234375 0.84375 0.0595703125 0.0498046875
0 0.6767578125 0.771484375 0.048828125 0.0634765625
0 0.615234375 0.6728515625 0.1044921875 0.1103515625
0 0.7666015625 0.720703125 0.0830078125 0.0771484375
0 0.751953125 0.626953125 0.0947265625 0.099609375
0 0.673828125 0.5341796875 0.087890625 0.08203125
0 0.5830078125 0.544921875 0.0810546875 0.0673828125
0 0.5498046875 0.7021484375 0.083984375 0.07421875
0 0.44140625 0.6904296875 0.0673828125 0.0703125
0 0.482421875 0.712890625 0.04296875 0.041015625
0 0.4873046875 0.7548828125 0.052734375 0.0439453125
0 0.5205078125 0.79296875 0.0380859375 0.037109375
0 0.244140625 0.59765625 0.0810546875 0.064453125
0 0.1083984375 0.4970703125 0.0322265625 0.06640625
0 0.345703125 0.68359375 0.05859375 0.06640625
0 0.4169921875 0.228515625 0.046875 0.0546875
0 0.3916015625 0.3330078125 0.0478515625 0.0703125
0 0.345703125 0.3671875 0.048828125 0.0732421875
0 0.3291015625 0.583984375 0.046875 0.0673828125
0 0.72265625 0.8203125 0.0732421875 0.0625
0 0.5634765625 0.4482421875 0.044921875 0.04296875
0 0.201171875 0.1650390625 0.10546875 0.1005859375
0 0.6142578125 0.396484375 0.111328125 0.158203125
0 0.755859375 0.4677734375 0.0986328125 0.0947265625
0 0.7158203125 0.296875 0.072265625 0.0810546875
0 0.880859375 0.384765625 0.033203125 0.0419921875
0 0.134765625 0.724609375 0.0615234375 0.052734375
0 0.7822265625 0.2197265625 0.107421875 0.1328125
0 0.1337890625 0.525390625 0.1142578125 0.13671875
0 0.91796875 0.4619140625 0.087890625 0.115234375
0 0.7958984375 0.8564453125 0.1201171875 0.1572265625
0 0.4072265625 0.486328125 0.025390625 0.025390625
0 0.3486328125 0.09375 0.09765625 0.107421875
0 0.5986328125 0.884765625 0.0146484375 0.021484375
0 0.5048828125 0.3046875 0.0185546875 0.0166015625
0 0.7275390625 0.26171875 0.0244140625 0.0234375
0 0.2763671875 0.3203125 0.0107421875 0.0126953125
0 0.2470703125 0.390625 0.013671875 0.009765625
0 0.55859375 0.603515625 0.0107421875 0.01171875
0 0.20703125 0.44921875 0.0126953125 0.013671875
0 0.283203125 0.4345703125 0.0087890625 0.0126953125
0 0.3232421875 0.24609375 0.046875 0.048828125
0 0.078125 0.3056640625 0.1279296875 0.1494140625
0 0.55078125 0.4404296875 0.01171875 0.01171875
0 0.8134765625 0.0556640625 0.203125 0.111328125
0 0.5556640625 0.5263671875 0.0087890625 0.01953125
0 0.8564453125 0.6259765625 0.0107421875 0.009765625
0 0.50390625 0.966796875 0.015625 0.013671875
0 0.4853515625 0.568359375 0.0556640625 0.0869140625
0 0.4814453125 0.4814453125 0.087890625 0.072265625
0 0.3359375 0.8017578125 0.0712890625 0.099609375
0 0.4697265625 0.8505859375 0.048828125 0.0673828125
0 0.478515625 0.9140625 0.044921875 0.0625
0 0.25 0.5166015625 0.0732421875 0.1025390625
0 0.884765625 0.6875 0.142578125 0.10546875
0 0.8466796875 0.5595703125 0.099609375 0.07421875
0 0.6875 0.3916015625 0.0625 0.078125
0 0.3115234375 0.1708984375 0.0966796875 0.099609375
0 0.24609375 0.345703125 0.0478515625 0.076171875
0 0.38671875 0.630859375 0.08984375 0.0859375