0 0.6474609375 0.369140625 0.095703125 0.044921875
0 0.6533203125 0.537109375 0.0986328125 0.09375
0 0.6591796875 0.4443359375 0.0859375 0.06640625
0 0.34375 0.4130859375 0.0498046875 0.0712890625
0 0.298828125 0.1884765625 0.041015625 0.0576171875
0 0.4208984375 0.1220703125 0.0361328125 0.04296875
0 0.548828125 0.5908203125 0.0703125 0.0595703125
0 0.5380859375 0.4912109375 0.025390625 0.04296875
0 0.373046875 0.1484375 0.03125 0.029296875
0 0.4345703125 0.416015625 0.0625 0.0771484375
0 0.38671875 0.30078125 0.0595703125 0.0908203125
0 0.3359375 0.302734375 0.0615234375 0.0810546875
0 0.2802734375 0.2841796875 0.0361328125 0.056640625
0 0.1474609375 0.453125 0.0546875 0.07421875
0 0.107421875 0.5166015625 0.0390625 0.05078125
0 0.013671875 0.8359375 0.02734375 0.0712890625
0 0.49609375 0.8505859375 0.048828125 0.0478515625
0 0.5537109375 0.783203125 0.033203125 0.029296875
0 0.4794921875 0.67578125 0.0654296875 0.0771484375
0 0.458984375 0.546875 0.0712890625 0.09375
0 0.501953125 0.3193359375 0.041015625 0.08203125
0 0.501953125 0.21875 0.0361328125 0.04296875
0 0.8837890625 0.4189453125 0.052734375 0.041015625
0 0.8828125 0.55078125 0.0205078125 0.0439453125
0 0.8056640625 0.4951171875 0.06640625 0.08203125
0 0.587890625 0.9443359375 0.0400390625 0.037109375
0 0.619140625 0.8193359375 0.0341796875 0.068359375
0 0.65234375 0.7001953125 0.056640625 0.078125
0 0.900390625 0.923828125 0.0546875 0.08203125
0 0.1220703125 0.7119140625 0.041015625 0.0390625
0 0.287109375 0.7099609375 0.037109375 0.05859375
0 0.400390625 0.8037109375 0.048828125 0.046875
0 0.220703125 0.3369140625 0.03515625 0.0498046875
0 0.234375 0.2060546875 0.0498046875 0.072265625
0 0.2724609375 0.0400390625 0.0205078125 0.021484375
0 0.6865234375 0.17578125 0.025390625 0.0205078125
0 0.150390625 0.150390625 0.041015625 0.0458984375
0 0.4482421875 0.232421875 0.0322265625 0.0224609375
0 0.16015625 0.0498046875 0.017578125 0.021484375
0 0.8203125 0.3583984375 0.0205078125 0.0205078125
0 0.7158203125 0.259765625 0.060546875 0.05859375
0 0.8916015625 0.62890625 0.01953125 0.0224609375
0 0.9658203125 0.705078125 0.0615234375 0.06640625
0 0.294921875 0.390625 0.017578125 0.0126953125
0 0.4248046875 0.0166015625 0.0244140625 0.0185546875
0 0.7958984375 0.033203125 0.087890625 0.060546875
0 0.353515625 0.640625 0.01171875 0.01953125
0 0.0205078125 0.6435546875 0.0400390625 0.060546875
0 0.5244140625 0.4111328125 0.01171875 0.0185546875
0 0.955078125 0.5048828125 0.0517578125 0.060546875
0 0.3623046875 0.71484375 0.0693359375 0.072265625
0 0.2998046875 0.435546875 0.009765625 0.0244140625
0 0.5576171875 0.4521484375 0.0078125 0.013671875
0 0.369140625 0.28125 0.009765625 0.01171875
0 0.6259765625 0.724609375 0.009765625 0.017578125
0 0.1953125 0.6796875 0.0087890625 0.0087890625
0 0.80859375 0.7392578125 0.0078125 0.0087890625
0 0.822265625 0.47265625 0.0068359375 0.009765625
0 0.14453125 0.5908203125 0.033203125 0.041015625
0 0.1044921875 0.60546875 0.0419921875 0.0654296875
0 0.0869140625 0.7080078125 0.0322265625 0.0771484375
0 0.0458984375 0.7236328125 0.0546875 0.056640625
0 0.1455078125 0.8046875 0.0390625 0.0537109375
0 0.1796875 0.7998046875 0.0361328125 0.072265625
0 0.2119140625 0.76953125 0.037109375 0.0517578125
0 0.1748046875 0.677734375 0.037109375 0.06640625
0 0.0380859375 0.921875 0.0634765625 0.0537109375
0 0.1953125 0.9267578125 0.0361328125 0.0732421875
0 0.296875 0.92578125 0.04296875 0.0390625
0 0.28125 0.873046875 0.0380859375 0.0703125
0 0.2314453125 0.826171875 0.044921875 0.033203125
0 0.251953125 0.771484375 0.033203125 0.0419921875
0 0.2119140625 0.703125 0.0322265625 0.025390625
0 0.23828125 0.6328125 0.0771484375 0.037109375
0 0.2763671875 0.5712890625 0.0595703125 0.0478515625
0 0.0830078125 0.5341796875 0.021484375 0.0283203125
0 0.0576171875 0.3095703125 0.033203125 0.029296875
0 0.3330078125 0.7744140625 0.0283203125 0.0244140625
0 0.3037109375 0.8017578125 0.0419921875 0.0322265625
0 0.412109375 0.8955078125 0.0458984375 0.0546875
0 0.3173828125 0.892578125 0.029296875 0.0341796875
0 0.34765625 0.8623046875 0.03515625 0.0390625
0 0.4443359375 0.8330078125 0.0283203125 0.037109375
0 0.7265625 0.8232421875 0.0576171875 0.0615234375
0 0.4951171875 0.9375 0.060546875 0.0732421875
0 0.48046875 0.8232421875 0.029296875 0.0439453125
0 0.810546875 0.6123046875 0.0498046875 0.0703125
0 0.740234375 0.6669921875 0.0390625 0.046875
0 0.607421875 0.3076171875 0.0537109375 0.037109375
0 0.421875 0.6796875 0.03515625 0.0400390625
0 0.607421875 0.880859375 0.0224609375 0.0390625
0 0.6572265625 0.91796875 0.03125 0.0908203125
0 0.1845703125 0.5380859375 0.025390625 0.041015625
0 0.236328125 0.501953125 0.02734375 0.0517578125
0 0.2666015625 0.5029296875 0.0263671875 0.0341796875
0 0.185546875 0.5888671875 0.0419921875 0.0625