0 0.181640625 0.5341796875 0.0439453125 0.04296875
0 0.3642578125 0.400390625 0.1591796875 0.12109375
0 0.326171875 0.7724609375 0.1259765625 0.07421875
0 0.537109375 0.7431640625 0.119140625 0.1201171875
0 0.404296875 0.5693359375 0.0830078125 0.119140625
0 0.4921875 0.5625 0.0869140625 0.146484375
0 0.5830078125 0.53515625 0.0703125 0.0947265625
0 0.6455078125 0.486328125 0.046875 0.0849609375
0 0.5869140625 0.404296875 0.072265625 0.15625
0 0.1396484375 0.3955078125 0.078125 0.0625
0 0.2041015625 0.251953125 0.0546875 0.1015625
0 0.3291015625 0.1064453125 0.0888671875 0.1142578125
0 0.09375 0.5439453125 0.07421875 0.0830078125
0 0.533203125 0.1181640625 0.0654296875 0.068359375
0 0.6474609375 0.0966796875 0.0439453125 0.037109375
0 0.7216796875 0.07421875 0.0810546875 0.0498046875
0 0.6875 0.021484375 0.1025390625 0.04296875
0 0.708984375 0.3994140625 0.125 0.0947265625
0 0.505859375 0.8466796875 0.1474609375 0.1171875
0 0.3115234375 0.83984375 0.0908203125 0.0625
0 0.318359375 0.9091796875 0.07421875 0.0703125
0 0.4208984375 0.94140625 0.10546875 0.1142578125
0 0.654296875 0.7236328125 0.1572265625 0.1767578125
0 0.8525390625 0.2587890625 0.0693359375 0.048828125
0 0.732421875 0.55078125 0.0732421875 0.0966796875
0 0.8330078125 0.5009765625 0.083984375 0.1357421875
0 0.8955078125 0.5126953125 0.0419921875 0.07421875
0 0.921875 0.4462890625 0.05859375 0.0615234375
0 0.7900390625 0.6884765625 0.091796875 0.08984375
0 0.8720703125 0.6640625 0.0546875 0.052734375
0 0.8603515625 0.857421875 0.1064453125 0.1328125
0 0.7568359375 0.7958984375 0.0615234375 0.0888671875
0 0.6552734375 0.9599609375 0.126953125 0.080078125
0 0.67578125 0.8623046875 0.0791015625 0.0888671875
0 0.7568359375 0.908203125 0.09375 0.05078125
0 0.9501953125 0.73828125 0.052734375 0.033203125
0 0.9619140625 0.6806640625 0.07421875 0.0458984375
0 0.974609375 0.2021484375 0.05078125 0.1025390625
0 0.896484375 0.21875 0.0615234375 0.0625
0 0.6689453125 0.1982421875 0.0859375 0.087890625
0 0.4794921875 0.3125 0.03515625 0.02734375
0 0.28125 0.595703125 0.029296875 0.0556640625
0 0.2353515625 0.529296875 0.048828125 0.078125
0 0.0498046875 0.166015625 0.0478515625 0.08203125
0 0.6103515625 0.138671875 0.0498046875 0.048828125
0 0.9443359375 0.0419921875 0.1103515625 0.07421875
0 0.212890625 0.046875 0.0205078125 0.0234375
0 0.5390625 0.2392578125 0.0322265625 0.0595703125