0 0.60546875 0.7138671875 0.0537109375 0.0634765625
0 0.7646484375 0.8232421875 0.0146484375 0.0185546875
0 0.7890625 0.8193359375 0.015625 0.0185546875
0 0.7783203125 0.8369140625 0.0234375 0.0185546875
0 0.44921875 0.7470703125 0.017578125 0.015625
0 0.384765625 0.578125 0.0205078125 0.021484375
0 0.4130859375 0.533203125 0.0390625 0.0234375
0 0.56640625 0.5576171875 0.0126953125 0.0166015625
0 0.583984375 0.5947265625 0.0244140625 0.01171875
0 0.5771484375 0.646484375 0.0078125 0.013671875
0 0.59375 0.658203125 0.0322265625 0.0361328125
0 0.5703125 0.689453125 0.0087890625 0.0146484375
0 0.7060546875 0.5703125 0.0146484375 0.0185546875
0 0.7939453125 0.5283203125 0.0126953125 0.017578125
0 0.400390625 0.8779296875 0.01953125 0.02734375
0 0.427734375 0.7998046875 0.015625 0.0146484375
0 0.6474609375 0.865234375 0.013671875 0.017578125
0 0.662109375 0.9697265625 0.021484375 0.0107421875
0 0.9443359375 0.8994140625 0.0107421875 0.021484375
0 0.0947265625 0.6240234375 0.0185546875 0.0205078125
0 0.0556640625 0.6142578125 0.01953125 0.0205078125
0 0.279296875 0.5498046875 0.0126953125 0.0166015625
0 0.3828125 0.2587890625 0.013671875 0.021484375
0 0.37109375 0.31640625 0.0234375 0.0205078125
0 0.3779296875 0.2900390625 0.017578125 0.0126953125
0 0.576171875 0.33984375 0.0244140625 0.029296875
0 0.70703125 0.4033203125 0.013671875 0.013671875
0 0.4765625 0.4990234375 0.0146484375 0.015625
0 0.4326171875 0.4755859375 0.01171875 0.0107421875
0 0.515625 0.939453125 0.015625 0.0107421875
0 0.5546875 0.9169921875 0.0087890625 0.0166015625
0 0.4931640625 0.904296875 0.0068359375 0.01171875
0 0.51171875 0.9228515625 0.0126953125 0.0185546875
0 0.666015625 0.9921875 0.0126953125 0.015625
0 0.654296875 0.990234375 0.0107421875 0.017578125
0 0.2392578125 0.9951171875 0.0224609375 0.009765625
0 0.1904296875 0.7607421875 0.0107421875 0.009765625
0 0.2802734375 0.7509765625 0.0107421875 0.0107421875
0 0.349609375 0.744140625 0.0087890625 0.01171875
0 0.1806640625 0.703125 0.0087890625 0.009765625
0 0.19140625 0.7431640625 0.009765625 0.01171875
0 0.21875 0.751953125 0.009765625 0.0166015625
0 0.435546875 0.2138671875 0.0380859375 0.0478515625
0 0.5791015625 0.21875 0.0234375 0.0380859375
0 0.43359375 0.3837890625 0.0146484375 0.0146484375
0 0.474609375 0.3662109375 0.0146484375 0.0244140625
0 0.2529296875 0.326171875 0.0107421875 0.015625
0 0.1982421875 0.390625 0.01171875 0.0234375
0 0.15234375 0.70703125 0.017578125 0.0205078125
0 0.1533203125 0.677734375 0.021484375 0.0185546875
0 0.146484375 0.732421875 0.01171875 0.013671875
0 0.083984375 0.59375 0.0185546875 0.021484375
0 0.3623046875 0.9130859375 0.01171875 0.02734375
0 0.3388671875 0.908203125 0.01953125 0.0234375
0 0.5322265625 0.8583984375 0.015625 0.0205078125
0 0.5478515625 0.720703125 0.0146484375 0.0244140625
0 0.35546875 0.666015625 0.0107421875 0.0263671875
0 0.251953125 0.6875 0.009765625 0.0224609375
0 0.333984375 0.7265625 0.0126953125 0.017578125
0 0.517578125 0.5166015625 0.01171875 0.0224609375
0 0.46484375 0.8955078125 0.0146484375 0.0234375
0 0.7646484375 0.921875 0.0107421875 0.021484375
0 0.7919921875 0.9296875 0.01171875 0.017578125
0 0.708984375 0.9248046875 0.0166015625 0.0166015625
0 0.8466796875 0.94140625 0.0107421875 0.013671875
0 0.890625 0.7861328125 0.0263671875 0.064453125
0 0.78515625 0.7802734375 0.02734375 0.0283203125
0 0.8671875 0.564453125 0.0107421875 0.0205078125
0 0.845703125 0.5869140625 0.0166015625 0.0185546875
0 0.8193359375 0.6044921875 0.015625 0.015625
0 0.7783203125 0.61328125 0.013671875 0.0166015625
0 0.91015625 0.583984375 0.0185546875 0.0224609375
0 0.8447265625 0.533203125 0.029296875 0.013671875
0 0.8349609375 0.544921875 0.017578125 0.0107421875
0 0.8310546875 0.4423828125 0.0224609375 0.029296875
0 0.8291015625 0.4111328125 0.0283203125 0.0263671875
0 0.6455078125 0.341796875 0.0205078125 0.0205078125
0 0.603515625 0.3349609375 0.0146484375 0.02734375
0 0.6044921875 0.384765625 0.01171875 0.0224609375
0 0.7177734375 0.4775390625 0.0224609375 0.0302734375
0 0.76953125 0.4189453125 0.0263671875 0.0302734375
0 0.8125 0.4423828125 0.0087890625 0.017578125
0 0.69921875 0.2822265625 0.0166015625 0.021484375
0 0.7109375 0.1591796875 0.0185546875 0.0185546875
0 0.6953125 0.169921875 0.0126953125 0.0263671875
0 0.486328125 0.1875 0.013671875 0.015625
0 0.587890625 0.1259765625 0.013671875 0.0146484375
0 0.66796875 0.130859375 0.01171875 0.015625
0 0.5048828125 0.1044921875 0.0107421875 0.0146484375
0 0.5751953125 0.1552734375 0.0185546875 0.0166015625
0 0.517578125 0.162109375 0.0205078125 0.0185546875
0 0.478515625 0.25390625 0.015625 0.0205078125
0 0.2314453125 0.2919921875 0.0205078125 0.013671875
0 0.224609375 0.3466796875 0.017578125 0.01953125
0 0.25390625 0.4287109375 0.009765625 0.0283203125
0 0.2216796875 0.546875 0.01171875 0.0166015625
0 0.1953125 0.5869140625 0.0166015625 0.01953125
0 0.328125 0.58203125 0.0185546875 0.0205078125
0 0.3818359375 0.732421875 0.017578125 0.0263671875
0 0.345703125 0.849609375 0.009765625 0.0205078125
0 0.1484375 0.8603515625 0.0263671875 0.02734375
0 0.29296875 0.8515625 0.021484375 0.033203125
0 0.6708984375 0.822265625 0.0107421875 0.0205078125
0 0.4404296875 0.701171875 0.0400390625 0.0673828125
0 0.5302734375 0.580078125 0.0234375 0.029296875
0 0.494140625 0.603515625 0.0400390625 0.087890625
0 0.4931640625 0.6962890625 0.046875 0.0771484375
0 0.9599609375 0.3759765625 0.0439453125 0.060546875
0 0.4150390625 0.41796875 0.0234375 0.0283203125
0 0.1162109375 0.9296875 0.009765625 0.015625
0 0.2275390625 0.642578125 0.029296875 0.0263671875
0 0.5390625 0.9296875 0.0146484375 0.0244140625
0 0.5654296875 0.7724609375 0.01953125 0.0244140625
0 0.6025390625 0.7646484375 0.0166015625 0.0166015625
0 0.5 0.830078125 0.0263671875 0.01953125
0 0.3349609375 0.8115234375 0.0205078125 0.01953125
0 0.251953125 0.8095703125 0.01171875 0.013671875
0 0.115234375 0.583984375 0.021484375 0.0244140625
0 0.2763671875 0.6103515625 0.025390625 0.025390625