0 0.5205078125 0.4462890625 0.015625 0.015625
0 0.5244140625 0.3671875 0.0107421875 0.013671875
0 0.48046875 0.3408203125 0.013671875 0.01171875
0 0.509765625 0.306640625 0.009765625 0.0126953125
0 0.494140625 0.2685546875 0.0087890625 0.009765625
0 0.412109375 0.412109375 0.0126953125 0.013671875
0 0.3701171875 0.4140625 0.0166015625 0.0205078125
0 0.361328125 0.39453125 0.0107421875 0.013671875
0 0.375 0.3935546875 0.013671875 0.0146484375
0 0.3740234375 0.37890625 0.013671875 0.0107421875
0 0.46875 0.4697265625 0.0107421875 0.013671875
0 0.4443359375 0.4921875 0.0087890625 0.0126953125
0 0.4609375 0.494140625 0.0166015625 0.0126953125
0 0.4150390625 0.5087890625 0.013671875 0.0146484375
0 0.3916015625 0.267578125 0.017578125 0.013671875
0 0.423828125 0.283203125 0.009765625 0.0146484375
0 0.400390625 0.23046875 0.0146484375 0.0224609375
0 0.3447265625 0.1884765625 0.0126953125 0.015625
0 0.6337890625 0.1787109375 0.015625 0.0205078125
0 0.5693359375 0.2705078125 0.01171875 0.0146484375
0 0.4736328125 0.2216796875 0.009765625 0.013671875
0 0.39453125 0.166015625 0.0126953125 0.013671875
0 0.2578125 0.23828125 0.0126953125 0.013671875
0 0.21484375 0.3203125 0.009765625 0.0068359375
0 0.1904296875 0.333984375 0.009765625 0.0146484375
0 0.2568359375 0.3720703125 0.0107421875 0.01171875
0 0.3154296875 0.28515625 0.0244140625 0.013671875
0 0.33984375 0.3310546875 0.01171875 0.0126953125
0 0.396484375 0.2041015625 0.009765625 0.01171875
0 0.3994140625 0.18359375 0.005859375 0.0126953125
0 0.40625 0.1904296875 0.0068359375 0.0087890625
0 0.2373046875 0.1103515625 0.0087890625 0.013671875
0 0.25 0.1162109375 0.0068359375 0.009765625
0 0.259765625 0.0927734375 0.0078125 0.009765625
0 0.2744140625 0.103515625 0.0068359375 0.009765625
0 0.166015625 0.44140625 0.0146484375 0.021484375
0 0.318359375 0.525390625 0.005859375 0.009765625
0 0.28125 0.4150390625 0.0078125 0.009765625
0 0.271484375 0.6826171875 0.005859375 0.0078125
0 0.1181640625 0.2138671875 0.005859375 0.0078125
0 0.40234375 0.576171875 0.005859375 0.0078125
0 0.708984375 0.3740234375 0.0078125 0.009765625
0 0.470703125 0.6357421875 0.005859375 0.0078125
0 0.0888671875 0.21484375 0.005859375 0.0078125
0 0.2880859375 0.2509765625 0.0048828125 0.0068359375
0 0.189453125 0.4453125 0.005859375 0.0068359375
0 0.302734375 0.5078125 0.005859375 0.0087890625
0 0.734375 0.201171875 0.0068359375 0.0078125
0 0.1083984375 0.5712890625 0.0078125 0.0087890625
0 0.2333984375 0.5166015625 0.0048828125 0.005859375
0 0.5537109375 0.708984375 0.0048828125 0.005859375
0 0.5810546875 0.734375 0.0048828125 0.005859375
0 0.8134765625 0.2919921875 0.005859375 0.005859375
0 0.4169921875 0.765625 0.0068359375 0.0078125
0 0.6201171875 0.5234375 0.0078125 0.01171875
0 0.3076171875 0.6298828125 0.0087890625 0.009765625
0 0.7314453125 0.3916015625 0.005859375 0.009765625
0 0.876953125 0.4462890625 0.0048828125 0.0087890625
0 0.3896484375 0.6875 0.0068359375 0.0078125
0 0.623046875 0.66015625 0.0078125 0.0078125
0 0.3115234375 0.6904296875 0.00390625 0.005859375
0 0.3701171875 0.7490234375 0.0048828125 0.0078125
0 0.3974609375 0.7978515625 0.0068359375 0.0078125
0 0.0703125 0.6875 0.0048828125 0.0068359375
0 0.9248046875 0.244140625 0.005859375 0.0068359375
0 0.328125 0.712890625 0.0048828125 0.0068359375
0 0.4931640625 0.7802734375 0.005859375 0.005859375
0 0.37109375 0.732421875 0.0048828125 0.0068359375
0 0.6962890625 0.5654296875 0.005859375 0.0107421875
0 0.689453125 0.625 0.0068359375 0.009765625
0 0.58984375 0.7119140625 0.005859375 0.0068359375
0 0.9482421875 0.6064453125 0.0068359375 0.0078125
0 0.712890625 0.6455078125 0.0048828125 0.0087890625
0 0.5263671875 0.5693359375 0.0087890625 0.0107421875
0 0.1474609375 0.7705078125 0.0048828125 0.0068359375
0 0.2890625 0.66796875 0.0048828125 0.005859375
0 0.041015625 0.5517578125 0.005859375 0.0068359375
0 0.1513671875 0.7294921875 0.0078125 0.0087890625
0 0.470703125 0.767578125 0.005859375 0.0107421875
0 0.0283203125 0.67578125 0.0078125 0.0087890625
0 0.564453125 0.7744140625 0.0107421875 0.013671875
0 0.2646484375 0.833984375 0.0078125 0.009765625
0 0.529296875 0.69921875 0.0068359375 0.0078125
0 0.634765625 0.8193359375 0.0048828125 0.005859375
0 0.3818359375 0.8525390625 0.00390625 0.0078125
0 0.4375 0.921875 0.005859375 0.0068359375
0 0.9033203125 0.19921875 0.0068359375 0.005859375
0 0.8759765625 0.8515625 0.0048828125 0.0068359375
0 0.8994140625 0.2421875 0.00390625 0.0068359375
0 0.6953125 0.19140625 0.0087890625 0.0068359375
0 0.17578125 0.8046875 0.0078125 0.0146484375
0 0.8095703125 0.734375 0.0048828125 0.005859375
0 0.326171875 0.916015625 0.0048828125 0.0078125
0 0.1298828125 0.8876953125 0.0048828125 0.0068359375
0 0.703125 0.6181640625 0.0087890625 0.0087890625
0 0.119140625 0.4765625 0.0126953125 0.017578125
0 0.9228515625 0.1259765625 0.0078125 0.013671875
0 0.4140625 0.955078125 0.005859375 0.0068359375
0 0.578125 0.755859375 0.0146484375 0.015625
0 0.775390625 0.9501953125 0.005859375 0.0068359375
0 0.263671875 0.640625 0.0185546875 0.013671875
0 0.0517578125 0.2236328125 0.01171875 0.0185546875
0 0.6103515625 0.978515625 0.0078125 0.009765625
0 0.7578125 0.6982421875 0.0068359375 0.0068359375
0 0.166015625 0.236328125 0.0029296875 0.00390625
0 0.861328125 0.5048828125 0.00390625 0.0048828125
0 0.8896484375 0.103515625 0.00390625 0.0048828125
0 0.779296875 0.375 0.00390625 0.00390625
0 0.3173828125 0.111328125 0.00390625 0.0048828125
0 0.0625 0.5234375 0.00390625 0.0048828125
0 0.2705078125 0.8564453125 0.00390625 0.0107421875
0 0.322265625 0.236328125 0.0029296875 0.00390625
0 0.927734375 0.177734375 0.00390625 0.00390625
0 0.7646484375 0.6025390625 0.0234375 0.0341796875
0 0.689453125 0.505859375 0.02734375 0.0244140625
0 0.052734375 0.2568359375 0.0029296875 0.00390625
0 0.7900390625 0.009765625 0.00390625 0.0048828125
0 0.224609375 0.2431640625 0.0029296875 0.00390625
0 0.73046875 0.986328125 0.00390625 0.0048828125
0 0.513671875 0.572265625 0.00390625 0.0048828125
0 0.728515625 0.255859375 0.0029296875 0.00390625
0 0.814453125 0.009765625 0.00390625 0.0048828125
0 0.365234375 0.3359375 0.00390625 0.00390625
0 0.1923828125 0.875 0.0107421875 0.0244140625
0 0.1171875 0.80859375 0.00390625 0.00390625
0 0.7099609375 0.732421875 0.00390625 0.00390625
0 0.0869140625 0.45703125 0.00390625 0.00390625
0 0.5341796875 0.5849609375 0.0751953125 0.072265625
0 0.32421875 0.4365234375 0.0380859375 0.0361328125
0 0.8671875 0.7041015625 0.00390625 0.00390625