0 0.9052734375 0.412109375 0.0390625 0.03125
0 0.6484375 0.23046875 0.0205078125 0.02734375
0 0.6513671875 0.259765625 0.0234375 0.0244140625
0 0.685546875 0.232421875 0.0263671875 0.0341796875
0 0.765625 0.1884765625 0.0244140625 0.0224609375
0 0.765625 0.20703125 0.0146484375 0.0126953125
0 0.759765625 0.1171875 0.0263671875 0.029296875
0 0.80078125 0.15625 0.0234375 0.0361328125
0 0.314453125 0.1796875 0.02734375 0.041015625
0 0.828125 0.0595703125 0.03125 0.0341796875
0 0.3583984375 0.369140625 0.0185546875 0.0234375
0 0.7451171875 0.2314453125 0.02734375 0.0234375
0 0.5615234375 0.24609375 0.0390625 0.0390625
0 0.7587890625 0.330078125 0.0263671875 0.03125
0 0.6552734375 0.1572265625 0.0244140625 0.0400390625
0 0.6298828125 0.1064453125 0.0322265625 0.0244140625
0 0.7333984375 0.3818359375 0.0361328125 0.03515625
0 0.77734375 0.0400390625 0.03125 0.0478515625
0 0.1640625 0.49609375 0.0185546875 0.02734375
0 0.51953125 0.12109375 0.0341796875 0.048828125
0 0.5126953125 0.33203125 0.033203125 0.0361328125
0 0.5078125 0.0400390625 0.0224609375 0.0341796875
0 0.9716796875 0.2705078125 0.0361328125 0.0322265625
0 0.4716796875 0.1953125 0.0185546875 0.0244140625
0 0.1005859375 0.2646484375 0.029296875 0.0400390625
0 0.919921875 0.193359375 0.03125 0.033203125
0 0.5537109375 0.294921875 0.0244140625 0.0361328125
0 0.5625 0.025390625 0.0234375 0.044921875
0 0.724609375 0.025390625 0.0341796875 0.044921875
0 0.2939453125 0.4365234375 0.0263671875 0.037109375
0 0.4580078125 0.6669921875 0.025390625 0.0400390625
0 0.66015625 0.0166015625 0.0341796875 0.033203125
0 0.8330078125 0.662109375 0.033203125 0.0341796875
0 0.86328125 0.50390625 0.0244140625 0.0400390625
0 0.537109375 0.6025390625 0.0205078125 0.0283203125
0 0.6044921875 0.060546875 0.0283203125 0.0322265625
0 0.3408203125 0.4091796875 0.0224609375 0.0341796875
0 0.970703125 0.3994140625 0.0263671875 0.0244140625
0 0.453125 0.21484375 0.015625 0.017578125
0 0.2861328125 0.5546875 0.0322265625 0.052734375
0 0.517578125 0.712890625 0.0205078125 0.02734375
0 0.9462890625 0.109375 0.05078125 0.0546875
0 0.490234375 0.5791015625 0.0263671875 0.0302734375
0 0.9384765625 0.662109375 0.029296875 0.0341796875
0 0.02734375 0.41015625 0.0439453125 0.0537109375
0 0.46875 0.3203125 0.02734375 0.0302734375
0 0.84765625 0.7275390625 0.03125 0.0302734375
0 0.568359375 0.359375 0.0517578125 0.0595703125
0 0.52734375 0.63671875 0.0419921875 0.033203125
0 0.3984375 0.8798828125 0.015625 0.01953125
0 0.1591796875 0.037109375 0.0224609375 0.0283203125
0 0.103515625 0.7373046875 0.0263671875 0.041015625
0 0.7431640625 0.59765625 0.021484375 0.0234375
0 0.2021484375 0.8486328125 0.0205078125 0.03125
0 0.6298828125 0.4560546875 0.03125 0.0400390625
0 0.634765625 0.615234375 0.0302734375 0.044921875
0 0.1044921875 0.6494140625 0.0390625 0.041015625
0 0.611328125 0.654296875 0.0166015625 0.021484375
0 0.4658203125 0.833984375 0.0380859375 0.05078125
0 0.453125 0.4228515625 0.0439453125 0.078125
0 0.916015625 0.4794921875 0.0341796875 0.05078125
0 0.3076171875 0.8369140625 0.0224609375 0.0234375
0 0.1806640625 0.232421875 0.033203125 0.0400390625
0 0.2216796875 0.78125 0.0146484375 0.015625
0 0.7802734375 0.642578125 0.0419921875 0.044921875
0 0.6181640625 0.5146484375 0.0390625 0.0400390625
0 0.396484375 0.3974609375 0.01953125 0.0322265625
0 0.4287109375 0.8408203125 0.0263671875 0.0341796875
0 0.34765625 0.4970703125 0.01953125 0.0380859375
0 0.7587890625 0.9248046875 0.0244140625 0.0224609375
0 0.458984375 0.236328125 0.0302734375 0.0283203125
0 0.3837890625 0.26171875 0.029296875 0.0390625
0 0.419921875 0.89453125 0.0322265625 0.0283203125
0 0.0673828125 0.802734375 0.04296875 0.0439453125
0 0.2314453125 0.9111328125 0.0302734375 0.0244140625
0 0.435546875 0.56640625 0.0107421875 0.0244140625
0 0.4228515625 0.2958984375 0.0283203125 0.0390625
0 0.451171875 0.0966796875 0.02734375 0.029296875
0 0.8935546875 0.650390625 0.01171875 0.0107421875
0 0.5185546875 0.5439453125 0.017578125 0.0234375
0 0.8603515625 0.8779296875 0.0087890625 0.009765625
0 0.1513671875 0.5830078125 0.0107421875 0.01171875
0 0.1513671875 0.603515625 0.01171875 0.0234375
0 0.1669921875 0.603515625 0.0078125 0.0146484375
0 0.181640625 0.61328125 0.013671875 0.0166015625
0 0.162109375 0.5751953125 0.0078125 0.0107421875
0 0.32421875 0.7880859375 0.0322265625 0.0224609375
0 0.4248046875 0.7724609375 0.021484375 0.021484375
0 0.404296875 0.7060546875 0.044921875 0.0556640625
0 0.375 0.7001953125 0.0146484375 0.0126953125
0 0.3671875 0.7236328125 0.017578125 0.0263671875
0 0.265625 0.662109375 0.0205078125 0.029296875
0 0.3349609375 0.6748046875 0.021484375 0.015625
0 0.3251953125 0.76171875 0.0419921875 0.0166015625
0 0.37890625 0.6171875 0.0224609375 0.029296875
0 0.41796875 0.62109375 0.0234375 0.0234375
0 0.4453125 0.595703125 0.0205078125 0.02734375
0 0.4619140625 0.5458984375 0.0244140625 0.02734375
0 0.4287109375 0.53125 0.017578125 0.03125
0 0.4140625 0.490234375 0.0224609375 0.0546875
0 0.4072265625 0.53515625 0.01953125 0.0224609375
0 0.5029296875 0.4970703125 0.015625 0.0322265625
0 0.447265625 0.69921875 0.0244140625 0.0126953125
0 0.509765625 0.77734375 0.0234375 0.0224609375
0 0.4931640625 0.7890625 0.0107421875 0.0166015625
0 0.509765625 0.8037109375 0.017578125 0.0224609375
0 0.595703125 0.79296875 0.0107421875 0.03515625
0 0.6103515625 0.7919921875 0.015625 0.0302734375
0 0.6298828125 0.7802734375 0.01953125 0.0185546875
0 0.6826171875 0.79296875 0.0205078125 0.0341796875
0 0.666015625 0.8349609375 0.015625 0.0185546875
0 0.623046875 0.9306640625 0.017578125 0.013671875
0 0.658203125 0.935546875 0.01953125 0.0205078125
0 0.65234375 0.9560546875 0.021484375 0.015625
0 0.8798828125 0.84375 0.02734375 0.017578125
0 0.884765625 0.86328125 0.0146484375 0.0166015625
0 0.765625 0.8330078125 0.0205078125 0.0224609375
0 0.7314453125 0.78125 0.0166015625 0.0166015625
0 0.72265625 0.76171875 0.013671875 0.0126953125
0 0.736328125 0.7529296875 0.013671875 0.0107421875
0 0.7607421875 0.78125 0.013671875 0.01953125
0 0.7294921875 0.8056640625 0.0185546875 0.013671875
0 0.787109375 0.8564453125 0.0185546875 0.009765625
0 0.849609375 0.7783203125 0.0107421875 0.0107421875
0 0.912109375 0.81640625 0.03515625 0.02734375
0 0.955078125 0.8701171875 0.0146484375 0.025390625
0 0.84765625 0.955078125 0.0146484375 0.021484375
0 0.865234375 0.994140625 0.0126953125 0.0107421875
0 0.8251953125 0.904296875 0.0205078125 0.0185546875
0 0.9609375 0.703125 0.009765625 0.015625
0 0.9716796875 0.71484375 0.0107421875 0.025390625
0 0.90234375 0.68359375 0.015625 0.0234375
0 0.845703125 0.4638671875 0.0185546875 0.021484375
0 0.779296875 0.4375 0.015625 0.021484375
0 0.69921875 0.5 0.0234375 0.0302734375
0 0.6923828125 0.4580078125 0.0263671875 0.033203125
0 0.7236328125 0.4482421875 0.0263671875 0.0244140625
0 0.5673828125 0.568359375 0.0380859375 0.029296875
0 0.6123046875 0.5673828125 0.037109375 0.029296875
0 0.6005859375 0.607421875 0.0361328125 0.0419921875
0 0.580078125 0.6435546875 0.0224609375 0.0234375
0 0.556640625 0.6572265625 0.015625 0.015625
0 0.681640625 0.5947265625 0.02734375 0.0224609375
0 0.708984375 0.5986328125 0.017578125 0.0302734375
0 0.7802734375 0.5673828125 0.0126953125 0.015625
0 0.794921875 0.587890625 0.01171875 0.01171875
0 0.830078125 0.55859375 0.02734375 0.029296875
0 0.8583984375 0.5556640625 0.0263671875 0.01953125
0 0.8701171875 0.5908203125 0.0400390625 0.029296875
0 0.82421875 0.603515625 0.01171875 0.0205078125
0 0.8505859375 0.6171875 0.0322265625 0.0341796875
0 0.904296875 0.54296875 0.0283203125 0.0341796875
0 0.822265625 0.474609375 0.033203125 0.0390625
0 0.7548828125 0.466796875 0.0263671875 0.025390625
0 0.6044921875 0.326171875 0.015625 0.0341796875
0 0.0654296875 0.2607421875 0.021484375 0.0693359375
0 0.3017578125 0.27734375 0.0244140625 0.0263671875
0 0.35546875 0.0478515625 0.0302734375 0.037109375
0 0.2861328125 0.09375 0.0244140625 0.0341796875
0 0.8046875 0.3017578125 0.017578125 0.0302734375
0 0.8203125 0.2666015625 0.013671875 0.021484375
0 0.8310546875 0.205078125 0.01953125 0.0263671875
0 0.80859375 0.2197265625 0.029296875 0.01953125
0 0.59765625 0.73828125 0.033203125 0.0341796875
0 0.9599609375 0.5625 0.0234375 0.0283203125
0 0.9892578125 0.560546875 0.0146484375 0.0224609375
0 0.953125 0.439453125 0.0224609375 0.0263671875
0 0.931640625 0.33203125 0.0302734375 0.0322265625
0 0.96484375 0.3486328125 0.0234375 0.0380859375
0 0.9775390625 0.3134765625 0.0361328125 0.03125
0 0.4150390625 0.4365234375 0.021484375 0.0361328125
0 0.22265625 0.388671875 0.0322265625 0.0419921875
0 0.1611328125 0.3447265625 0.0361328125 0.041015625
0 0.7236328125 0.990234375 0.0390625 0.01953125
0 0.9912109375 0.943359375 0.0166015625 0.052734375
0 0.9599609375 0.92578125 0.0263671875 0.0361328125
0 0.734375 0.73046875 0.0244140625 0.017578125
0 0.712890625 0.685546875 0.0283203125 0.0205078125
0 0.69921875 0.6494140625 0.0244140625 0.017578125
0 0.3388671875 0.8271484375 0.013671875 0.0166015625
0 0.974609375 0.8642578125 0.021484375 0.0498046875
0 0.880859375 0.720703125 0.029296875 0.0341796875
0 0.994140625 0.6298828125 0.01171875 0.025390625
0 0.79296875 0.3916015625 0.025390625 0.0615234375
0 0.85546875 0.3955078125 0.025390625 0.0234375
0 0.66796875 0.2919921875 0.03125 0.021484375
0 0.7001953125 0.0732421875 0.01953125 0.029296875
0 0.8251953125 0.1103515625 0.0146484375 0.0283203125
0 0.8427734375 0.1103515625 0.01171875 0.017578125
0 0.685546875 0.12109375 0.017578125 0.0205078125
0 0.6943359375 0.1044921875 0.017578125 0.0205078125
0 0.625 0.0771484375 0.041015625 0.0244140625
0 0.669921875 0.08984375 0.0322265625 0.0478515625
0 0.453125 0.1484375 0.025390625 0.05078125
0 0.4208984375 0.1796875 0.0234375 0.0400390625
0 0.3515625 0.1494140625 0.0380859375 0.021484375
0 0.3623046875 0.1318359375 0.01953125 0.0166015625
0 0.3623046875 0.1865234375 0.01953125 0.0166015625
0 0.34765625 0.2197265625 0.02734375 0.037109375
0 0.3017578125 0.2353515625 0.025390625 0.0263671875
0 0.2919921875 0.14453125 0.01171875 0.0244140625
0 0.3408203125 0.34765625 0.017578125 0.0341796875
0 0.4306640625 0.3662109375 0.017578125 0.021484375
0 0.521484375 0.4111328125 0.0576171875 0.0263671875
0 0.65234375 0.4130859375 0.013671875 0.015625
0 0.666015625 0.39453125 0.0185546875 0.021484375
0 0.7109375 0.365234375 0.0185546875 0.029296875
0 0.646484375 0.3876953125 0.076171875 0.0888671875