0 0.021484375 0.166015625 0.0419921875 0.044921875
0 0.0498046875 0.224609375 0.0244140625 0.03125
0 0.7099609375 0.869140625 0.0244140625 0.03125
0 0.1494140625 0.728515625 0.05078125 0.0556640625
0 0.2099609375 0.763671875 0.0166015625 0.0166015625
0 0.3916015625 0.6943359375 0.015625 0.02734375
0 0.8740234375 0.8525390625 0.0302734375 0.0234375
0 0.8095703125 0.7333984375 0.0244140625 0.0205078125
0 0.7783203125 0.9033203125 0.0234375 0.025390625
0 0.34375 0.169921875 0.0341796875 0.0615234375
0 0.1689453125 0.4404296875 0.021484375 0.02734375
0 0.2548828125 0.2392578125 0.046875 0.0517578125
0 0.3095703125 0.248046875 0.03125 0.0283203125
0 0.1181640625 0.21484375 0.01953125 0.021484375
0 0.208984375 0.236328125 0.013671875 0.017578125
0 0.1923828125 0.1787109375 0.021484375 0.0234375
0 0.21875 0.181640625 0.0185546875 0.01953125
0 0.2353515625 0.1962890625 0.013671875 0.029296875
0 0.1474609375 0.421875 0.0205078125 0.0244140625
0 0.125 0.4697265625 0.0009765625 0.0029296875
0 0.1162109375 0.4755859375 0.05078125 0.0458984375
0 0.236328125 0.51953125 0.04296875 0.0439453125
0 0.271484375 0.5341796875 0.025390625 0.025390625
0 0.2236328125 0.607421875 0.0234375 0.029296875
0 0.40234375 0.5751953125 0.0166015625 0.0185546875
0 0.4716796875 0.6357421875 0.0185546875 0.015625
0 0.3369140625 0.634765625 0.037109375 0.05859375
0 0.37109375 0.724609375 0.03125 0.0283203125
0 0.2685546875 0.8349609375 0.0341796875 0.029296875
0 0.2626953125 0.8583984375 0.029296875 0.017578125
0 0.2431640625 0.880859375 0.025390625 0.0263671875
0 0.326171875 0.91796875 0.0185546875 0.0166015625
0 0.48046875 0.845703125 0.0166015625 0.0166015625
0 0.5048828125 0.8271484375 0.01171875 0.01171875
0 0.5029296875 0.8681640625 0.0146484375 0.0146484375
0 0.4033203125 0.5087890625 0.0400390625 0.0244140625
0 0.3916015625 0.53125 0.0185546875 0.0146484375
0 0.2607421875 0.37109375 0.02734375 0.0234375
0 0.056640625 0.837890625 0.0400390625 0.0205078125
0 0.0615234375 0.814453125 0.0283203125 0.0244140625
0 0.0888671875 0.9716796875 0.0380859375 0.041015625
0 0.15234375 0.8466796875 0.03125 0.044921875
0 0.369140625 0.580078125 0.0390625 0.0791015625
0 0.4345703125 0.84765625 0.025390625 0.0322265625
0 0.4482421875 0.87890625 0.0224609375 0.0146484375
0 0.4521484375 0.8916015625 0.0234375 0.0078125
0 0.4150390625 0.0908203125 0.025390625 0.013671875
0 0.423828125 0.1123046875 0.0205078125 0.013671875
0 0.4697265625 0.1044921875 0.0634765625 0.0380859375
0 0.4697265625 0.1435546875 0.0185546875 0.01171875
0 0.4609375 0.2158203125 0.046875 0.0263671875
0 0.484375 0.1611328125 0.0205078125 0.0126953125
0 0.5 0.18359375 0.017578125 0.02734375
0 0.6025390625 0.9814453125 0.052734375 0.037109375
0 0.587890625 0.8876953125 0.0546875 0.046875
0 0.873046875 0.599609375 0.03125 0.0234375
0 0.8447265625 0.6005859375 0.0234375 0.0341796875
0 0.771484375 0.701171875 0.0498046875 0.033203125
0 0.626953125 0.6591796875 0.0166015625 0.013671875
0 0.609375 0.6455078125 0.015625 0.013671875
0 0.626953125 0.6357421875 0.0146484375 0.0166015625
0 0.62109375 0.591796875 0.025390625 0.0185546875
0 0.3994140625 0.8046875 0.0185546875 0.037109375
0 0.3896484375 0.83984375 0.0224609375 0.0185546875
0 0.3291015625 0.712890625 0.013671875 0.015625
0 0.2724609375 0.681640625 0.015625 0.0302734375
0 0.2177734375 0.3203125 0.0166015625 0.0166015625
0 0.1943359375 0.291015625 0.021484375 0.021484375
0 0.052734375 0.4560546875 0.0458984375 0.025390625
0 0.091796875 0.423828125 0.0185546875 0.0244140625
0 0.0654296875 0.48828125 0.02734375 0.0302734375
0 0.0380859375 0.546875 0.0126953125 0.021484375
0 0.0576171875 0.5712890625 0.017578125 0.0185546875
0 0.009765625 0.630859375 0.013671875 0.0234375
0 0.193359375 0.712890625 0.029296875 0.029296875
0 0.2568359375 0.11328125 0.0615234375 0.060546875
0 0.328125 0.3056640625 0.05859375 0.072265625
0 0.5771484375 0.25390625 0.0625 0.07421875
0 0.1357421875 0.2958984375 0.046875 0.068359375
0 0.6982421875 0.6181640625 0.0478515625 0.0615234375
0 0.3193359375 0.4345703125 0.04296875 0.0419921875
0 0.62890625 0.1875 0.041015625 0.046875
0 0.3720703125 0.412109375 0.0458984375 0.060546875
0 0.1884765625 0.3515625 0.0341796875 0.0439453125
0 0.533203125 0.5830078125 0.068359375 0.0654296875
0 0.77734375 0.6142578125 0.0673828125 0.0888671875
0 0.7919921875 0.3134765625 0.037109375 0.04296875
0 0.3740234375 0.38671875 0.013671875 0.0185546875
0 0.6904296875 0.4140625 0.0693359375 0.0830078125
0 0.7080078125 0.373046875 0.0087890625 0.0126953125
0 0.2001953125 0.7890625 0.041015625 0.0625
0 0.39453125 0.2314453125 0.0126953125 0.013671875
0 0.6953125 0.283203125 0.046875 0.06640625
0 0.875 0.435546875 0.05078125 0.07421875
0 0.2998046875 0.5166015625 0.0224609375 0.03125
0 0.2626953125 0.640625 0.017578125 0.0166015625
0 0.9248046875 0.1259765625 0.0400390625 0.0458984375
0 0.490234375 0.4169921875 0.0634765625 0.0615234375
0 0.814453125 0.451171875 0.0439453125 0.0673828125
0 0.9150390625 0.244140625 0.041015625 0.03515625
0 0.7314453125 0.390625 0.0078125 0.01171875
0 0.0888671875 0.21484375 0.0068359375 0.0078125
0 0.85546875 0.65234375 0.0068359375 0.01171875
0 0.0244140625 0.673828125 0.0107421875 0.009765625
0 0.107421875 0.5712890625 0.0087890625 0.009765625
0 0.2744140625 0.10546875 0.0068359375 0.0087890625
0 0.470703125 0.7685546875 0.0068359375 0.0107421875
0 0.466796875 0.4697265625 0.0078125 0.0087890625
0 0.189453125 0.3349609375 0.005859375 0.0078125
0 0.9033203125 0.1982421875 0.0068359375 0.0087890625
0 0.3935546875 0.16796875 0.029296875 0.037109375
0 0.4775390625 0.337890625 0.005859375 0.0078125
0 0.6953125 0.19140625 0.009765625 0.0078125
0 0.8916015625 0.3447265625 0.025390625 0.0283203125
0 0.3603515625 0.392578125 0.0068359375 0.0087890625
0 0.6953125 0.5634765625 0.0048828125 0.0107421875
0 0.650390625 0.43359375 0.0361328125 0.046875
0 0.5302734375 0.701171875 0.0078125 0.0087890625
0 0.9169921875 0.537109375 0.029296875 0.0498046875
0 0.5498046875 0.0673828125 0.0400390625 0.08984375
0 0.947265625 0.6064453125 0.0078125 0.0087890625
0 0.6884765625 0.50390625 0.025390625 0.0185546875
0 0.5791015625 0.7578125 0.013671875 0.0126953125
0 0.125 0.0517578125 0.0048828125 0.0078125
0 0.76953125 0.568359375 0.005859375 0.0087890625
0 0.9521484375 0.46484375 0.056640625 0.0654296875
0 0.19140625 0.791015625 0.005859375 0.0068359375
0 0.6904296875 0.625 0.009765625 0.0107421875
0 0.3076171875 0.6298828125 0.0087890625 0.0107421875
0 0.4169921875 0.765625 0.0078125 0.0068359375
0 0.3115234375 0.6904296875 0.0048828125 0.0068359375
0 0.5859375 0.443359375 0.0068359375 0.005859375
0 0.1923828125 0.5 0.0244140625 0.013671875
0 0.4384765625 0.9296875 0.0146484375 0.0263671875
0 0.28515625 0.9521484375 0.0087890625 0.0126953125
0 0.2958984375 0.9130859375 0.0107421875 0.0244140625
0 0.421875 0.955078125 0.02734375 0.0146484375
0 0.44921875 0.96875 0.0185546875 0.01953125
0 0.46484375 0.92578125 0.017578125 0.0322265625
0 0.45703125 0.580078125 0.009765625 0.0126953125
0 0.453125 0.595703125 0.013671875 0.015625
0 0.4384765625 0.580078125 0.0126953125 0.03125
0 0.42578125 0.5771484375 0.0107421875 0.021484375
0 0.4169921875 0.5947265625 0.009765625 0.0126953125
0 0.40234375 0.6103515625 0.0107421875 0.02734375
0 0.3349609375 0.556640625 0.0146484375 0.0224609375
0 0.1357421875 0.578125 0.01171875 0.013671875
0 0.33203125 0.689453125 0.0107421875 0.025390625
0 0.462890625 0.744140625 0.0146484375 0.015625
0 0.5947265625 0.7099609375 0.0263671875 0.025390625
0 0.4921875 0.7802734375 0.017578125 0.0146484375
0 0.7294921875 0.0966796875 0.0263671875 0.0537109375
0 0.724609375 0.169921875 0.029296875 0.0732421875
0 0.796875 0.1640625 0.0283203125 0.0478515625
0 0.466796875 0.5029296875 0.0283203125 0.0400390625
0 0.5078125 0.51171875 0.03515625 0.04296875
0 0.396484375 0.2744140625 0.029296875 0.0419921875
0 0.4423828125 0.2958984375 0.052734375 0.0634765625
0 0.083984375 0.373046875 0.013671875 0.04296875
0 0.0625 0.3759765625 0.02734375 0.0439453125
0 0.0458984375 0.28515625 0.021484375 0.0361328125
0 0.029296875 0.3779296875 0.01953125 0.041015625
0 0.0322265625 0.4248046875 0.0263671875 0.0302734375
0 0.0615234375 0.4345703125 0.0263671875 0.0146484375
0 0.611328125 0.5244140625 0.029296875 0.0361328125
0 0.6181640625 0.5595703125 0.005859375 0.009765625
0 0.193359375 0.8740234375 0.0107421875 0.0263671875
0 0.58984375 0.78125 0.0703125 0.0849609375
0 0.2373046875 0.693359375 0.0419921875 0.05859375
0 0.0693359375 0.693359375 0.021484375 0.02734375
0 0.1337890625 0.8896484375 0.017578125 0.025390625
0 0.2607421875 0.7548828125 0.0126953125 0.033203125
0 0.2763671875 0.755859375 0.01171875 0.03125
0 0.3681640625 0.7548828125 0.0244140625 0.02734375
0 0.4462890625 0.677734375 0.0322265625 0.0224609375
0 0.4375 0.6962890625 0.025390625 0.0185546875
0 0.2568359375 0.2529296875 0.0751953125 0.080078125
0 0.685546875 0.466796875 0.0048828125 0.0078125
0 0.326171875 0.9150390625 0.005859375 0.009765625
0 0.568359375 0.2548828125 0.0068359375 0.0078125
0 0.173828125 0.822265625 0.005859375 0.0068359375
0 0.419921875 0.2109375 0.072265625 0.0703125
0 0.31640625 0.2880859375 0.03125 0.029296875
0 0.5810546875 0.734375 0.0048828125 0.005859375