0 0.7451171875 0.5078125 0.0869140625 0.1142578125
0 0.75 0.630859375 0.0693359375 0.083984375
0 0.646484375 0.7216796875 0.1240234375 0.10546875
0 0.6025390625 0.81640625 0.0703125 0.0673828125
0 0.427734375 0.748046875 0.05078125 0.0439453125
0 0.333984375 0.64453125 0.1162109375 0.1015625
0 0.1630859375 0.544921875 0.1064453125 0.12890625
0 0.34375 0.509765625 0.05859375 0.0458984375
0 0.4384765625 0.568359375 0.0576171875 0.091796875
0 0.2216796875 0.734375 0.025390625 0.041015625
0 0.3056640625 0.828125 0.0302734375 0.048828125
0 0.091796875 0.95703125 0.146484375 0.0859375
0 0.046875 0.4697265625 0.078125 0.142578125
0 0.4541015625 0.1494140625 0.12890625 0.11328125
0 0.5771484375 0.25 0.0947265625 0.138671875
0 0.4765625 0.4375 0.09765625 0.166015625
0 0.2734375 0.3583984375 0.1640625 0.0986328125
0 0.37890625 0.3623046875 0.1396484375 0.150390625
0 0.8583984375 0.404296875 0.1494140625 0.0693359375
0 0.81640625 0.5556640625 0.072265625 0.08203125
0 0.8447265625 0.732421875 0.15234375 0.1533203125
0 0.5458984375 0.705078125 0.0498046875 0.0615234375
0 0.51953125 0.6337890625 0.0595703125 0.0908203125
0 0.61328125 0.490234375 0.0908203125 0.091796875
0 0.5537109375 0.970703125 0.0810546875 0.0576171875
0 0.6357421875 0.9677734375 0.0771484375 0.04296875
0 0.783203125 0.9501953125 0.0927734375 0.095703125
0 0.97265625 0.810546875 0.0537109375 0.072265625
0 0.6923828125 0.3740234375 0.119140625 0.1064453125
0 0.900390625 0.115234375 0.080078125 0.12109375
0 0.2900390625 0.6201171875 0.01171875 0.0146484375
0 0.197265625 0.2109375 0.119140625 0.1201171875
0 0.01953125 0.859375 0.0390625 0.03125
0 0.4189453125 0.3046875 0.0556640625 0.05078125
0 0.8125 0.2841796875 0.107421875 0.0703125
0 0.2001953125 0.36328125 0.0146484375 0.0126953125
0 0.65625 0.2041015625 0.0654296875 0.046875
0 0.9580078125 0.5830078125 0.078125 0.0654296875
0 0.5361328125 0.609375 0.0185546875 0.0185546875
0 0.16796875 0.1826171875 0.0224609375 0.0166015625
0 0.3388671875 0.2001953125 0.044921875 0.0400390625
0 0.802734375 0.9296875 0.0185546875 0.0166015625
0 0.12890625 0.7392578125 0.05078125 0.05078125
0 0.1298828125 0.580078125 0.0224609375 0.041015625
0 0.1220703125 0.8193359375 0.0419921875 0.060546875