0 0.263671875 0.501953125 0.095703125 0.076171875
0 0.2802734375 0.287109375 0.056640625 0.0966796875
0 0.2763671875 0.701171875 0.0361328125 0.0615234375
0 0.220703125 0.826171875 0.080078125 0.1044921875
0 0.28125 0.798828125 0.0166015625 0.02734375
0 0.3095703125 0.8447265625 0.0546875 0.0517578125
0 0.1591796875 0.927734375 0.0380859375 0.0810546875
0 0.1181640625 0.833984375 0.05078125 0.0625
0 0.0634765625 0.9267578125 0.0888671875 0.078125
0 0.0234375 0.615234375 0.0361328125 0.1025390625
0 0.0791015625 0.6279296875 0.06640625 0.0576171875
0 0.1650390625 0.484375 0.056640625 0.0859375
0 0.2099609375 0.4423828125 0.0419921875 0.06640625
0 0.2568359375 0.4052734375 0.015625 0.021484375
0 0.09375 0.3056640625 0.046875 0.0439453125
0 0.2109375 0.189453125 0.021484375 0.064453125
0 0.234375 0.1875 0.0263671875 0.0537109375
0 0.3740234375 0.34375 0.044921875 0.0546875
0 0.3486328125 0.4306640625 0.0498046875 0.041015625
0 0.392578125 0.458984375 0.076171875 0.0634765625
0 0.3984375 0.61328125 0.08984375 0.0478515625
0 0.16015625 0.73046875 0.02734375 0.0302734375
0 0.19140625 0.67578125 0.0302734375 0.0244140625
0 0.052734375 0.8505859375 0.033203125 0.0390625
0 0.2275390625 0.9208984375 0.017578125 0.02734375
0 0.2548828125 0.9736328125 0.0458984375 0.052734375
0 0.3310546875 0.9091796875 0.0224609375 0.0224609375
0 0.361328125 0.95703125 0.041015625 0.03125
0 0.396484375 0.8837890625 0.03125 0.0517578125
0 0.40234375 0.8017578125 0.015625 0.048828125
0 0.2119140625 0.615234375 0.0341796875 0.0361328125
0 0.21484375 0.265625 0.0458984375 0.0322265625
0 0.013671875 0.203125 0.02734375 0.0546875
0 0.0771484375 0.033203125 0.0234375 0.0224609375
0 0.1201171875 0.046875 0.0341796875 0.025390625
0 0.2421875 0.01953125 0.0576171875 0.02734375
0 0.4677734375 0.3212890625 0.0322265625 0.0400390625
0 0.43359375 0.6953125 0.044921875 0.056640625
0 0.4619140625 0.810546875 0.060546875 0.08203125
0 0.4736328125 0.9521484375 0.08984375 0.0634765625
0 0.4560546875 0.888671875 0.025390625 0.0576171875
0 0.515625 0.7978515625 0.029296875 0.0419921875
0 0.4873046875 0.697265625 0.0244140625 0.0390625
0 0.4853515625 0.4658203125 0.0380859375 0.0712890625
0 0.525390625 0.3896484375 0.080078125 0.0615234375
0 0.7333984375 0.025390625 0.0458984375 0.0478515625
0 0.5576171875 0.173828125 0.1162109375 0.087890625
0 0.5380859375 0.7392578125 0.0546875 0.04296875
0 0.548828125 0.912109375 0.041015625 0.0283203125
0 0.5673828125 0.8779296875 0.013671875 0.0361328125
0 0.5615234375 0.81640625 0.0361328125 0.0341796875
0 0.6328125 0.79296875 0.087890625 0.095703125
0 0.623046875 0.86328125 0.05078125 0.0576171875
0 0.654296875 0.9560546875 0.0693359375 0.048828125
0 0.603515625 0.9619140625 0.07421875 0.0751953125
0 0.736328125 0.9755859375 0.078125 0.048828125
0 0.7314453125 0.8896484375 0.0771484375 0.0732421875
0 0.810546875 0.8662109375 0.0615234375 0.0390625
0 0.5556640625 0.5 0.0869140625 0.099609375
0 0.7080078125 0.72265625 0.033203125 0.025390625
0 0.6904296875 0.171875 0.06640625 0.0732421875
0 0.8798828125 0.2080078125 0.037109375 0.0478515625
0 0.8095703125 0.18359375 0.052734375 0.0576171875
0 0.7021484375 0.4306640625 0.072265625 0.0302734375
0 0.619140625 0.3359375 0.1474609375 0.1220703125
0 0.654296875 0.6640625 0.0458984375 0.0400390625
0 0.4755859375 0.0546875 0.076171875 0.0966796875
0 0.96875 0.4482421875 0.0498046875 0.0576171875
0 0.9541015625 0.26953125 0.0576171875 0.0576171875
0 0.951171875 0.77734375 0.0439453125 0.0556640625
0 0.7919921875 0.7470703125 0.1220703125 0.0986328125
0 0.53515625 0.9150390625 0.0078125 0.013671875
0 0.798828125 0.5078125 0.078125 0.052734375
0 0.9169921875 0.9033203125 0.04296875 0.0439453125
0 0.8955078125 0.494140625 0.033203125 0.046875
0 0.9248046875 0.3505859375 0.0576171875 0.0380859375
0 0.875 0.068359375 0.0634765625 0.08984375
0 0.5224609375 0.5712890625 0.0380859375 0.0400390625
0 0.333984375 0.419921875 0.0087890625 0.009765625
0 0.8828125 0.267578125 0.0390625 0.0341796875
0 0.58203125 0.294921875 0.0439453125 0.0517578125
0 0.8193359375 0.580078125 0.05859375 0.0341796875
0 0.6484375 0.591796875 0.076171875 0.080078125
0 0.0224609375 0.185546875 0.0068359375 0.0126953125
0 0.0380859375 0.9013671875 0.0205078125 0.0205078125
0 0.650390625 0.0068359375 0.013671875 0.013671875
0 0.62109375 0.80078125 0.0146484375 0.0185546875
0 0.8671875 0.68359375 0.0107421875 0.0068359375
0 0.1953125 0.455078125 0.0078125 0.01171875
0 0.5712890625 0.6572265625 0.041015625 0.029296875
0 0.0517578125 0.8388671875 0.0078125 0.009765625
0 0.267578125 0.30078125 0.005859375 0.0078125
0 0.5087890625 0.58203125 0.0126953125 0.0166015625
0 0.013671875 0.6259765625 0.0107421875 0.021484375
0 0.005859375 0.939453125 0.0068359375 0.0078125
0 0.681640625 0.478515625 0.0322265625 0.060546875
0 0.71875 0.486328125 0.052734375 0.0537109375
0 0.73828125 0.583984375 0.0234375 0.048828125
0 0.7177734375 0.6123046875 0.0419921875 0.029296875
0 0.69921875 0.640625 0.0146484375 0.021484375
0 0.986328125 0.6142578125 0.0234375 0.068359375
0 0.9306640625 0.708984375 0.033203125 0.0341796875
0 0.9599609375 0.544921875 0.03515625 0.0439453125
0 0.8154296875 0.970703125 0.052734375 0.05859375
0 0.841796875 0.9306640625 0.03125 0.033203125
0 0.8564453125 0.8193359375 0.0537109375 0.056640625
0 0.8828125 0.43359375 0.0458984375 0.0625
0 0.775390625 0.4326171875 0.03125 0.037109375
0 0.98828125 0.912109375 0.0234375 0.0380859375
0 0.7734375 0.630859375 0.0263671875 0.0263671875
0 0.7978515625 0.671875 0.01171875 0.015625
0 0.32421875 0.05859375 0.0185546875 0.0146484375
0 0.8125 0.6513671875 0.0166015625 0.0107421875
0 0.595703125 0.625 0.0341796875 0.0341796875
0 0.921875 0.95703125 0.04296875 0.037109375