0 0.2265625 0.7529296875 0.029296875 0.03515625
0 0.494140625 0.6640625 0.0224609375 0.0205078125
0 0.5830078125 0.6884765625 0.0234375 0.0224609375
0 0.6455078125 0.7705078125 0.0205078125 0.0205078125
0 0.6103515625 0.576171875 0.0224609375 0.015625
0 0.3291015625 0.4794921875 0.0107421875 0.0234375
0 0.33984375 0.4716796875 0.0078125 0.0146484375
0 0.3955078125 0.4873046875 0.0126953125 0.013671875
0 0.373046875 0.4462890625 0.01953125 0.033203125
0 0.2998046875 0.4658203125 0.0078125 0.01171875
0 0.3544921875 0.505859375 0.017578125 0.0185546875
0 0.24609375 0.7861328125 0.0244140625 0.0185546875
0 0.884765625 0.564453125 0.0302734375 0.029296875
0 0.8525390625 0.595703125 0.0302734375 0.0458984375
0 0.8154296875 0.611328125 0.017578125 0.0263671875
0 0.7890625 0.6123046875 0.0244140625 0.021484375
0 0.787109375 0.583984375 0.0146484375 0.021484375
0 0.7275390625 0.5087890625 0.013671875 0.0166015625
0 0.7158203125 0.513671875 0.0126953125 0.017578125
0 0.830078125 0.513671875 0.0166015625 0.0205078125
0 0.845703125 0.51171875 0.009765625 0.0126953125
0 0.7724609375 0.5615234375 0.0126953125 0.015625
0 0.58984375 0.4404296875 0.0087890625 0.029296875
0 0.8310546875 0.8193359375 0.013671875 0.01953125
0 0.8525390625 0.95703125 0.0126953125 0.013671875
0 0.779296875 0.88671875 0.0107421875 0.0126953125
0 0.4130859375 0.9609375 0.013671875 0.015625
0 0.4560546875 0.9921875 0.021484375 0.015625
0 0.5107421875 0.9912109375 0.009765625 0.0146484375
0 0.3232421875 0.802734375 0.0087890625 0.01171875
0 0.2431640625 0.9560546875 0.009765625 0.01171875
0 0.34765625 0.9833984375 0.01171875 0.0126953125
0 0.2041015625 0.5693359375 0.0087890625 0.01171875
0 0.072265625 0.599609375 0.0107421875 0.017578125
0 0.021484375 0.7158203125 0.009765625 0.01171875
0 0.0126953125 0.73828125 0.0068359375 0.0087890625
0 0.099609375 0.609375 0.0107421875 0.0126953125
0 0.2451171875 0.890625 0.0068359375 0.009765625
0 0.283203125 0.900390625 0.009765625 0.0126953125
0 0.2646484375 0.9248046875 0.0107421875 0.0146484375
0 0.228515625 0.8515625 0.0126953125 0.0166015625
0 0.5673828125 0.7177734375 0.015625 0.0224609375
0 0.5341796875 0.740234375 0.0107421875 0.0087890625
0 0.529296875 0.759765625 0.0166015625 0.0126953125
0 0.65625 0.8115234375 0.013671875 0.015625
0 0.6298828125 0.9072265625 0.0166015625 0.015625
0 0.44140625 0.322265625 0.015625 0.017578125
0 0.4443359375 0.2978515625 0.0087890625 0.0126953125
0 0.462890625 0.2578125 0.0146484375 0.017578125
0 0.4658203125 0.228515625 0.015625 0.0107421875
0 0.4453125 0.2119140625 0.0078125 0.0107421875
0 0.4638671875 0.185546875 0.01171875 0.0166015625
0 0.3154296875 0.3193359375 0.0126953125 0.0126953125
0 0.26171875 0.328125 0.0107421875 0.0107421875
0 0.3359375 0.376953125 0.0107421875 0.0068359375
0 0.9599609375 0.908203125 0.0107421875 0.017578125
0 0.9658203125 0.8701171875 0.009765625 0.013671875
0 0.92578125 0.86328125 0.005859375 0.0078125
0 0.919921875 0.8740234375 0.013671875 0.0126953125
0 0.853515625 0.6572265625 0.01171875 0.0185546875
0 0.8642578125 0.6591796875 0.005859375 0.0087890625
0 0.923828125 0.6171875 0.015625 0.0263671875
0 0.6904296875 0.4794921875 0.009765625 0.009765625
0 0.6103515625 0.4287109375 0.0224609375 0.01171875
0 0.5341796875 0.5478515625 0.015625 0.015625
0 0.5693359375 0.4248046875 0.005859375 0.0126953125
0 0.4443359375 0.39453125 0.0087890625 0.015625
0 0.576171875 0.4541015625 0.01171875 0.021484375
0 0.6416015625 0.42578125 0.0107421875 0.0146484375
0 0.638671875 0.404296875 0.01171875 0.0078125
0 0.744140625 0.6181640625 0.01171875 0.0205078125
0 0.8203125 0.6845703125 0.01171875 0.017578125
0 0.845703125 0.6396484375 0.009765625 0.0185546875
0 0.7919921875 0.92578125 0.0107421875 0.0146484375
0 0.7802734375 0.4775390625 0.0185546875 0.0205078125
0 0.5322265625 0.873046875 0.0390625 0.0263671875
0 0.6943359375 0.9189453125 0.0244140625 0.0185546875
0 0.7421875 0.927734375 0.013671875 0.025390625
0 0.13671875 0.8857421875 0.0048828125 0.01171875
0 0.287109375 0.9482421875 0.015625 0.015625
0 0.29296875 0.98828125 0.0078125 0.0166015625
0 0.5302734375 0.591796875 0.03125 0.0126953125
0 0.5595703125 0.6416015625 0.0068359375 0.0078125
0 0.5615234375 0.658203125 0.0078125 0.0107421875
0 0.375 0.9404296875 0.013671875 0.0166015625
0 0.2158203125 0.8759765625 0.015625 0.0126953125
0 0.1044921875 0.7109375 0.0146484375 0.0185546875
0 0.0107421875 0.6083984375 0.013671875 0.0302734375
0 0.1650390625 0.32421875 0.015625 0.021484375
0 0.267578125 0.2421875 0.017578125 0.0263671875
0 0.263671875 0.296875 0.0205078125 0.01953125
0 0.611328125 0.0634765625 0.0107421875 0.0244140625
0 0.376953125 0.7568359375 0.029296875 0.0185546875
0 0.4814453125 0.6220703125 0.01171875 0.017578125
0 0.9833984375 0.490234375 0.01953125 0.0234375
0 0.755859375 0.7978515625 0.0166015625 0.021484375
0 0.8115234375 0.78125 0.0205078125 0.015625
0 0.3369140625 0.82421875 0.01171875 0.013671875
0 0.017578125 0.828125 0.0166015625 0.021484375
0 0.8994140625 0.939453125 0.021484375 0.0166015625
0 0.9453125 0.9873046875 0.0224609375 0.0224609375
0 0.9580078125 0.9384765625 0.0126953125 0.01953125
0 0.904296875 0.7802734375 0.01171875 0.015625
0 0.9033203125 0.8095703125 0.0146484375 0.017578125
0 0.76171875 0.7119140625 0.021484375 0.0166015625
0 0.7392578125 0.6875 0.0107421875 0.0146484375
0 0.9501953125 0.5068359375 0.013671875 0.0263671875
0 0.841796875 0.318359375 0.01953125 0.017578125
0 0.8779296875 0.2802734375 0.02734375 0.0185546875
0 0.728515625 0.3505859375 0.01953125 0.0263671875
0 0.53515625 0.1337890625 0.025390625 0.03515625
0 0.8134765625 0.01953125 0.0185546875 0.013671875
0 0.7978515625 0.255859375 0.0166015625 0.021484375
0 0.5888671875 0.2197265625 0.021484375 0.021484375
0 0.8232421875 0.1005859375 0.01171875 0.0166015625
0 0.330078125 0.521484375 0.009765625 0.0185546875
0 0.162109375 0.5205078125 0.0166015625 0.0263671875
0 0.0478515625 0.3857421875 0.0283203125 0.017578125
0 0.0048828125 0.3701171875 0.0087890625 0.0302734375
0 0.669921875 0.65234375 0.0166015625 0.01953125
0 0.7216796875 0.611328125 0.01171875 0.0224609375
0 0.66015625 0.6123046875 0.0166015625 0.0185546875
0 0.6279296875 0.4794921875 0.013671875 0.0146484375
0 0.51171875 0.4765625 0.015625 0.013671875
0 0.455078125 0.6181640625 0.01953125 0.0302734375
0 0.5498046875 0.3935546875 0.015625 0.02734375
0 0.048828125 0.9189453125 0.017578125 0.02734375
0 0.2265625 0.9951171875 0.0263671875 0.0087890625
0 0.3046875 0.7900390625 0.013671875 0.02734375
0 0.3798828125 0.09375 0.015625 0.021484375
0 0.6357421875 0.0576171875 0.017578125 0.021484375
0 0.9873046875 0.3935546875 0.025390625 0.041015625
0 0.88671875 0.3994140625 0.013671875 0.03125
0 0.494140625 0.7685546875 0.0126953125 0.01953125
0 0.4150390625 0.89453125 0.0146484375 0.0205078125
0 0.9072265625 0.6591796875 0.0234375 0.0126953125
0 0.986328125 0.5634765625 0.017578125 0.0234375
0 0.5849609375 0.380859375 0.0205078125 0.0283203125
0 0.8564453125 0.1669921875 0.0166015625 0.029296875
0 0.986328125 0.2109375 0.02734375 0.0390625
0 0.990234375 0.1650390625 0.01953125 0.025390625
0 0.650390625 0.08203125 0.025390625 0.0283203125