0 0.111328125 0.8369140625 0.0390625 0.052734375
0 0.244140625 0.71484375 0.037109375 0.056640625
0 0.4130859375 0.919921875 0.083984375 0.0703125
0 0.7509765625 0.5341796875 0.0634765625 0.087890625
0 0.423828125 0.580078125 0.072265625 0.06640625
0 0.3427734375 0.5771484375 0.048828125 0.05859375
0 0.2236328125 0.45703125 0.0771484375 0.052734375
0 0.1435546875 0.4638671875 0.02734375 0.0478515625
0 0.236328125 0.384765625 0.0341796875 0.05078125
0 0.154296875 0.3359375 0.0224609375 0.037109375
0 0.212890625 0.1162109375 0.0244140625 0.033203125
0 0.291015625 0.4013671875 0.0244140625 0.0673828125
0 0.3662109375 0.5068359375 0.0400390625 0.0712890625
0 0.3837890625 0.4013671875 0.052734375 0.09375
0 0.3427734375 0.3349609375 0.0625 0.0625
0 0.271484375 0.302734375 0.0498046875 0.0595703125
0 0.322265625 0.267578125 0.0322265625 0.052734375
0 0.2802734375 0.1953125 0.0166015625 0.0205078125
0 0.3232421875 0.1875 0.0185546875 0.0390625
0 0.3505859375 0.1904296875 0.037109375 0.056640625
0 0.2900390625 0.6650390625 0.0205078125 0.021484375
0 0.29296875 0.7060546875 0.0185546875 0.0283203125
0 0.4404296875 0.482421875 0.0869140625 0.0986328125
0 0.4248046875 0.185546875 0.0439453125 0.0712890625
0 0.35546875 0.1171875 0.0595703125 0.072265625
0 0.369140625 0.083984375 0.0205078125 0.064453125
0 0.353515625 0.0234375 0.0361328125 0.046875
0 0.3056640625 0.0263671875 0.0146484375 0.025390625
0 0.26953125 0.0185546875 0.009765625 0.0205078125
0 0.2509765625 0.0205078125 0.009765625 0.0263671875
0 0.2724609375 0.0595703125 0.0126953125 0.0126953125
0 0.4052734375 0.0576171875 0.0390625 0.0498046875
0 0.4365234375 0.01953125 0.044921875 0.0390625
0 0.482421875 0.02734375 0.0302734375 0.044921875
0 0.5126953125 0.03515625 0.0205078125 0.0361328125
0 0.4375 0.115234375 0.03515625 0.05078125
0 0.4453125 0.0615234375 0.0419921875 0.0390625
0 0.3740234375 0.6640625 0.0634765625 0.037109375
0 0.37109375 0.7119140625 0.0703125 0.0380859375
0 0.4013671875 0.677734375 0.03125 0.0361328125
0 0.3564453125 0.765625 0.03515625 0.0390625
0 0.37890625 0.8134765625 0.0390625 0.0234375
0 0.2294921875 0.818359375 0.02734375 0.0283203125
0 0.2890625 0.828125 0.04296875 0.041015625
0 0.4501953125 0.845703125 0.0234375 0.04296875
0 0.41796875 0.83203125 0.0478515625 0.03125
0 0.44921875 0.9765625 0.046875 0.046875
0 0.53515625 0.9677734375 0.03515625 0.041015625
0 0.6298828125 0.982421875 0.0498046875 0.0341796875
0 0.482421875 0.1123046875 0.017578125 0.015625
0 0.5 0.125 0.013671875 0.01953125
0 0.5224609375 0.134765625 0.0244140625 0.0361328125
0 0.1904296875 0.1748046875 0.009765625 0.021484375
0 0.525390625 0.2001953125 0.04296875 0.0576171875
0 0.69921875 0.203125 0.0576171875 0.060546875
0 0.5478515625 0.5498046875 0.03125 0.037109375
0 0.5869140625 0.2939453125 0.091796875 0.1025390625
0 0.8740234375 0.3544921875 0.056640625 0.0751953125
0 0.39453125 0.2861328125 0.0078125 0.015625
0 0.6533203125 0.59765625 0.037109375 0.0380859375
0 0.1904296875 0.4453125 0.0087890625 0.0107421875
0 0.625 0.603515625 0.0078125 0.0107421875
0 0.6787109375 0.6787109375 0.060546875 0.0654296875
0 0.5703125 0.01953125 0.0166015625 0.0390625
0 0.568359375 0.1259765625 0.0380859375 0.064453125
0 0.56640625 0.2021484375 0.029296875 0.0390625
0 0.6328125 0.1572265625 0.02734375 0.029296875
0 0.77734375 0.181640625 0.0224609375 0.0322265625
0 0.8203125 0.265625 0.0234375 0.052734375
0 0.6455078125 0.9189453125 0.0439453125 0.0693359375
0 0.52734375 0.7412109375 0.0654296875 0.0888671875
0 0.5634765625 0.794921875 0.0390625 0.0458984375
0 0.892578125 0.599609375 0.06640625 0.1171875
0 0.59375 0.3828125 0.0595703125 0.0859375
0 0.6728515625 0.3017578125 0.05078125 0.091796875
0 0.646484375 0.3583984375 0.0400390625 0.029296875
0 0.6396484375 0.396484375 0.02734375 0.05078125
0 0.5029296875 0.3154296875 0.078125 0.087890625
0 0.45703125 0.2578125 0.0478515625 0.06640625
0 0.630859375 0.0703125 0.0615234375 0.0810546875
0 0.697265625 0.4189453125 0.0634765625 0.103515625
0 0.806640625 0.4267578125 0.12109375 0.1064453125
0 0.6064453125 0.6650390625 0.076171875 0.0634765625
0 0.6220703125 0.7529296875 0.0673828125 0.083984375
0 0.6875 0.77734375 0.044921875 0.0546875
0 0.685546875 0.8505859375 0.072265625 0.0556640625
0 0.544921875 0.8720703125 0.052734375 0.083984375
0 0.5126953125 0.638671875 0.0263671875 0.0361328125
0 0.529296875 0.6728515625 0.064453125 0.0537109375
0 0.5498046875 0.5947265625 0.091796875 0.0517578125
0 0.623046875 0.564453125 0.044921875 0.033203125
0 0.8642578125 0.8525390625 0.05859375 0.072265625
0 0.931640625 0.6640625 0.0625 0.07421875
0 0.7119140625 0.619140625 0.0439453125 0.076171875
0 0.9482421875 0.390625 0.0439453125 0.0458984375
0 0.1103515625 0.6455078125 0.0458984375 0.107421875
0 0.197265625 0.6435546875 0.0478515625 0.0751953125
0 0.2626953125 0.5576171875 0.0751953125 0.064453125
0 0.0361328125 0.48828125 0.0390625 0.0625
0 0.775390625 0.0869140625 0.0576171875 0.0751953125
0 0.814453125 0.21875 0.037109375 0.0546875
0 0.7275390625 0.330078125 0.048828125 0.0712890625
0 0.7783203125 0.3525390625 0.0634765625 0.0654296875
0 0.4921875 0.4072265625 0.0458984375 0.064453125
0 0.6015625 0.4814453125 0.0419921875 0.048828125
0 0.294921875 0.8896484375 0.0185546875 0.0263671875
0 0.451171875 0.7353515625 0.076171875 0.0810546875
0 0.4619140625 0.6142578125 0.060546875 0.13671875
0 0.54296875 0.4814453125 0.048828125 0.05859375
0 0.78515625 0.748046875 0.041015625 0.078125
0 0.755859375 0.826171875 0.0205078125 0.041015625
0 0.775390625 0.8505859375 0.07421875 0.0908203125
0 0.919921875 0.4609375 0.0595703125 0.0615234375