0 0.7421875 0.5439453125 0.041015625 0.037109375
0 0.7626953125 0.626953125 0.0458984375 0.029296875
0 0.5478515625 0.697265625 0.0263671875 0.021484375
0 0.37109375 0.625 0.0302734375 0.01953125
0 0.4404296875 0.755859375 0.0185546875 0.0185546875
0 0.62890625 0.7119140625 0.013671875 0.015625
0 0.6396484375 0.736328125 0.01171875 0.009765625
0 0.6533203125 0.7509765625 0.017578125 0.01171875
0 0.599609375 0.7646484375 0.0126953125 0.013671875
0 0.619140625 0.7568359375 0.0107421875 0.0078125
0 0.6025390625 0.8154296875 0.015625 0.0126953125
0 0.509765625 0.791015625 0.0126953125 0.0146484375
0 0.5380859375 0.986328125 0.0166015625 0.01953125
0 0.447265625 0.9794921875 0.0146484375 0.0166015625
0 0.3037109375 0.830078125 0.015625 0.013671875
0 0.1298828125 0.5693359375 0.015625 0.0166015625
0 0.8076171875 0.5556640625 0.0244140625 0.017578125
0 0.8251953125 0.572265625 0.0166015625 0.009765625
0 0.76171875 0.658203125 0.01953125 0.017578125
0 0.7373046875 0.486328125 0.0126953125 0.0283203125
0 0.7822265625 0.49609375 0.025390625 0.044921875
0 0.841796875 0.392578125 0.0166015625 0.0234375
0 0.841796875 0.412109375 0.017578125 0.017578125
0 0.806640625 0.4267578125 0.0244140625 0.009765625
0 0.7822265625 0.453125 0.015625 0.01171875
0 0.537109375 0.6103515625 0.02734375 0.0205078125
0 0.5732421875 0.640625 0.0234375 0.07421875
0 0.4306640625 0.5576171875 0.037109375 0.04296875
0 0.2314453125 0.6064453125 0.0458984375 0.0283203125
0 0.203125 0.63671875 0.0283203125 0.025390625
0 0.302734375 0.6181640625 0.044921875 0.01953125
0 0.3056640625 0.669921875 0.015625 0.03125
0 0.3447265625 0.662109375 0.0322265625 0.0185546875
0 0.3779296875 0.720703125 0.0478515625 0.01953125
0 0.220703125 0.7373046875 0.0166015625 0.03125
0 0.1552734375 0.6884765625 0.029296875 0.0322265625
0 0.1318359375 0.6953125 0.0185546875 0.0283203125
0 0.1123046875 0.833984375 0.015625 0.029296875
0 0.2294921875 0.8134765625 0.0244140625 0.0224609375
0 0.1513671875 0.9404296875 0.0283203125 0.0283203125
0 0.236328125 0.94140625 0.0263671875 0.01953125
0 0.126953125 0.9912109375 0.0625 0.017578125
0 0.6455078125 0.951171875 0.0244140625 0.021484375
0 0.6455078125 0.9716796875 0.0302734375 0.01953125
0 0.728515625 0.9482421875 0.021484375 0.0185546875
0 0.7998046875 0.9296875 0.025390625 0.0205078125
0 0.8076171875 0.861328125 0.013671875 0.01171875
0 0.6796875 0.841796875 0.0224609375 0.021484375
0 0.69140625 0.7607421875 0.0107421875 0.0146484375
0 0.9013671875 0.7548828125 0.0234375 0.0166015625
0 0.8662109375 0.7939453125 0.017578125 0.017578125
0 0.826171875 0.6875 0.0205078125 0.02734375
0 0.8740234375 0.6640625 0.021484375 0.015625
0 0.361328125 0.517578125 0.01953125 0.0302734375
0 0.416015625 0.3017578125 0.0341796875 0.02734375
0 0.2001953125 0.3623046875 0.015625 0.0146484375
0 0.20703125 0.169921875 0.0068359375 0.009765625
0 0.3408203125 0.1962890625 0.046875 0.0390625
0 0.1689453125 0.1845703125 0.015625 0.01171875
0 0.650390625 0.326171875 0.0361328125 0.0302734375
0 0.322265625 0.236328125 0.0048828125 0.0078125
0 0.1650390625 0.2392578125 0.0048828125 0.0078125
0 0.6572265625 0.2021484375 0.0673828125 0.048828125
0 0.470703125 0.484375 0.0478515625 0.0361328125
0 0.4873046875 0.392578125 0.0234375 0.013671875
0 0.4521484375 0.412109375 0.01171875 0.0234375
0 0.4765625 0.451171875 0.0302734375 0.0166015625
0 0.2041015625 0.4921875 0.01953125 0.0263671875
0 0.0458984375 0.4658203125 0.0244140625 0.0361328125
0 0.0078125 0.4580078125 0.015625 0.013671875
0 0.1494140625 0.5458984375 0.0185546875 0.017578125
0 0.138671875 0.5908203125 0.0146484375 0.01953125
0 0.97265625 0.9111328125 0.01953125 0.0263671875
0 0.5166015625 0.984375 0.0146484375 0.03125
0 0.5029296875 0.8759765625 0.013671875 0.02734375
0 0.4794921875 0.9013671875 0.0205078125 0.021484375
0 0.44140625 0.8603515625 0.0380859375 0.0302734375
0 0.5810546875 0.9052734375 0.0224609375 0.044921875
0 0.4130859375 0.92578125 0.02734375 0.03125
0 0.3720703125 0.8203125 0.0244140625 0.0283203125
0 0.453125 0.6513671875 0.0439453125 0.0390625
0 0.63671875 0.4853515625 0.0390625 0.025390625
0 0.6220703125 0.5078125 0.01953125 0.0205078125
0 0.9521484375 0.583984375 0.0322265625 0.0341796875
0 0.98828125 0.826171875 0.0224609375 0.02734375
0 0.982421875 0.7978515625 0.029296875 0.0205078125
0 0.9775390625 0.9833984375 0.0205078125 0.02734375
0 0.9326171875 0.9892578125 0.0234375 0.0205078125
0 0.6767578125 0.6318359375 0.0205078125 0.0361328125
0 0.60546875 0.5869140625 0.017578125 0.037109375
0 0.3125 0.3505859375 0.0478515625 0.037109375
0 0.2685546875 0.3818359375 0.033203125 0.0546875
0 0.4677734375 0.126953125 0.09765625 0.0830078125
0 0.3974609375 0.16796875 0.0380859375 0.07421875
0 0.466796875 0.2060546875 0.017578125 0.01953125
0 0.548828125 0.228515625 0.0244140625 0.0283203125
0 0.5810546875 0.2431640625 0.0654296875 0.109375
0 0.091796875 0.134765625 0.013671875 0.01953125
0 0.2578125 0.03515625 0.0244140625 0.0458984375
0 0.4267578125 0.4599609375 0.0234375 0.041015625
0 0.6767578125 0.376953125 0.021484375 0.033203125
0 0.884765625 0.06640625 0.064453125 0.0302734375
0 0.8984375 0.1337890625 0.064453125 0.07421875
0 0.826171875 0.294921875 0.1044921875 0.060546875