0 0.4638671875 0.13671875 0.0205078125 0.0810546875
0 0.4951171875 0.154296875 0.0908203125 0.1318359375
0 0.40625 0.2578125 0.0703125 0.1005859375
0 0.5888671875 0.37109375 0.06640625 0.0966796875
0 0.697265625 0.3427734375 0.048828125 0.046875
0 0.7265625 0.2861328125 0.0361328125 0.087890625
0 0.275390625 0.783203125 0.0478515625 0.05859375
0 0.2021484375 0.9560546875 0.0517578125 0.0546875
0 0.3642578125 0.96875 0.0263671875 0.033203125
0 0.4130859375 0.9736328125 0.017578125 0.0244140625
0 0.14453125 0.7236328125 0.12890625 0.1474609375
0 0.349609375 0.75390625 0.0654296875 0.0927734375
0 0.4140625 0.7763671875 0.0439453125 0.0576171875
0 0.390625 0.841796875 0.0302734375 0.052734375
0 0.4228515625 0.8740234375 0.0498046875 0.05078125
0 0.490234375 0.837890625 0.087890625 0.0517578125
0 0.5029296875 0.900390625 0.017578125 0.0283203125
0 0.4560546875 0.701171875 0.0439453125 0.083984375
0 0.46875 0.615234375 0.048828125 0.060546875
0 0.4873046875 0.513671875 0.0478515625 0.0673828125
0 0.5517578125 0.5126953125 0.0478515625 0.0673828125
0 0.5927734375 0.4775390625 0.052734375 0.0537109375
0 0.6376953125 0.484375 0.0341796875 0.0341796875
0 0.6484375 0.4033203125 0.0322265625 0.0322265625
0 0.3623046875 0.5234375 0.0625 0.0458984375
0 0.3193359375 0.671875 0.0322265625 0.0673828125
0 0.2841796875 0.486328125 0.056640625 0.05859375
0 0.0771484375 0.4541015625 0.111328125 0.138671875
0 0.634765625 0.5380859375 0.0283203125 0.03515625
0 0.8173828125 0.7314453125 0.0576171875 0.0654296875
0 0.90625 0.666015625 0.0244140625 0.02734375
0 0.943359375 0.6943359375 0.0322265625 0.041015625
0 0.9091796875 0.783203125 0.029296875 0.0595703125
0 0.599609375 0.6416015625 0.0380859375 0.04296875
0 0.677734375 0.908203125 0.0224609375 0.01953125
0 0.748046875 0.904296875 0.056640625 0.09375
0 0.86328125 0.833984375 0.041015625 0.0458984375
0 0.5224609375 0.732421875 0.0244140625 0.04296875
0 0.7373046875 0.46484375 0.02734375 0.0419921875
0 0.72265625 0.61328125 0.02734375 0.029296875
0 0.052734375 0.87109375 0.0205078125 0.0263671875
0 0.8173828125 0.1689453125 0.138671875 0.099609375
0 0.236328125 0.0830078125 0.072265625 0.0615234375
0 0.2529296875 0.873046875 0.0830078125 0.0595703125
0 0.2978515625 0.35546875 0.0498046875 0.0458984375
0 0.966796875 0.259765625 0.048828125 0.041015625
0 0.7177734375 0.6884765625 0.04296875 0.0712890625
0 0.63671875 0.7724609375 0.0087890625 0.0107421875
0 0.68359375 0.5400390625 0.0126953125 0.015625
0 0.130859375 0.919921875 0.0166015625 0.0205078125
0 0.462890625 0.11328125 0.0126953125 0.0224609375
0 0.8447265625 0.5185546875 0.017578125 0.0205078125
0 0.92578125 0.0693359375 0.01171875 0.0126953125
0 0.5419921875 0.6953125 0.01953125 0.0380859375
0 0.625 0.720703125 0.021484375 0.0244140625
0 0.4833984375 0.5 0.0126953125 0.015625
0 0.7177734375 0.5693359375 0.0087890625 0.009765625
0 0.78125 0.50390625 0.03515625 0.02734375
0 0.7470703125 0.5341796875 0.0244140625 0.0234375
0 0.701171875 0.5478515625 0.015625 0.0283203125
0 0.734375 0.5869140625 0.0263671875 0.0400390625
0 0.80859375 0.9462890625 0.05078125 0.1064453125
0 0.8447265625 0.896484375 0.0283203125 0.052734375
0 0.5888671875 0.79296875 0.0419921875 0.0380859375
0 0.478515625 0.4326171875 0.0478515625 0.052734375
0 0.7529296875 0.0302734375 0.0224609375 0.0224609375
0 0.875 0.55859375 0.046875 0.0458984375
0 0.1982421875 0.890625 0.0341796875 0.0595703125
0 0.052734375 0.5859375 0.06640625 0.044921875
0 0.265625 0.640625 0.021484375 0.0244140625
0 0.5234375 0.9853515625 0.02734375 0.029296875
0 0.5810546875 0.98046875 0.021484375 0.0390625
0 0.099609375 0.9130859375 0.0419921875 0.1064453125
0 0.1220703125 0.9892578125 0.0595703125 0.021484375
0 0.326171875 0.9228515625 0.02734375 0.025390625
0 0.4130859375 0.6787109375 0.05859375 0.0498046875
0 0.3544921875 0.66796875 0.0400390625 0.091796875
0 0.3583984375 0.419921875 0.0302734375 0.05078125
0 0.8603515625 0.7158203125 0.0205078125 0.0390625
0 0.955078125 0.8095703125 0.044921875 0.0986328125
0 0.671875 0.8115234375 0.0478515625 0.072265625