0 0.7626953125 0.8154296875 0.0615234375 0.0634765625
0 0.8720703125 0.7119140625 0.0439453125 0.0556640625
0 0.501953125 0.5439453125 0.0166015625 0.025390625
0 0.53515625 0.8115234375 0.0205078125 0.0234375
0 0.3828125 0.9208984375 0.015625 0.021484375
0 0.287109375 0.8701171875 0.0166015625 0.0146484375
0 0.2705078125 0.6865234375 0.0126953125 0.0244140625
0 0.134765625 0.2900390625 0.0146484375 0.0302734375
0 0.1484375 0.296875 0.009765625 0.017578125
0 0.97265625 0.6591796875 0.0185546875 0.037109375
0 0.8486328125 0.6279296875 0.01171875 0.013671875
0 0.962890625 0.533203125 0.0107421875 0.0244140625
0 0.87109375 0.8984375 0.0146484375 0.0283203125
0 0.8857421875 0.9775390625 0.009765625 0.0166015625
0 0.7294921875 0.90625 0.009765625 0.0166015625
0 0.615234375 0.830078125 0.015625 0.0146484375
0 0.7158203125 0.94140625 0.013671875 0.015625
0 0.818359375 0.904296875 0.013671875 0.0283203125
0 0.701171875 0.884765625 0.009765625 0.013671875
0 0.7841796875 0.73828125 0.015625 0.0205078125
0 0.681640625 0.515625 0.0361328125 0.0380859375
0 0.921875 0.400390625 0.017578125 0.0224609375
0 0.8359375 0.46875 0.01171875 0.0224609375
0 0.8955078125 0.4755859375 0.01171875 0.0166015625
0 0.9619140625 0.4736328125 0.0185546875 0.0361328125
0 0.3935546875 0.4326171875 0.02734375 0.03125
0 0.3486328125 0.4755859375 0.017578125 0.0166015625
0 0.16796875 0.373046875 0.0126953125 0.0205078125
0 0.1884765625 0.412109375 0.013671875 0.0166015625
0 0.0859375 0.662109375 0.0107421875 0.01171875
0 0.0703125 0.69921875 0.0107421875 0.01171875
0 0.0146484375 0.8115234375 0.0087890625 0.0146484375
0 0.013671875 0.8642578125 0.0107421875 0.0244140625
0 0.1083984375 0.8955078125 0.01171875 0.015625
0 0.0830078125 0.8720703125 0.0166015625 0.013671875
0 0.111328125 0.7978515625 0.0146484375 0.0146484375
0 0.1337890625 0.98046875 0.0224609375 0.0390625
0 0.2490234375 0.857421875 0.0341796875 0.0263671875
0 0.3056640625 0.888671875 0.0185546875 0.0185546875
0 0.205078125 0.69921875 0.0078125 0.029296875
0 0.1708984375 0.455078125 0.0185546875 0.0185546875
0 0.0087890625 0.2451171875 0.015625 0.0244140625
0 0.0048828125 0.3212890625 0.0078125 0.021484375
0 0.279296875 0.2822265625 0.015625 0.0205078125
0 0.1064453125 0.27734375 0.0224609375 0.037109375
0 0.3818359375 0.2919921875 0.01953125 0.025390625
0 0.3447265625 0.6328125 0.0107421875 0.0166015625
0 0.3994140625 0.6298828125 0.013671875 0.017578125
0 0.5224609375 0.5615234375 0.021484375 0.0380859375
0 0.5537109375 0.5654296875 0.021484375 0.0322265625
0 0.2978515625 0.486328125 0.015625 0.0146484375
0 0.392578125 0.4716796875 0.0087890625 0.0146484375
0 0.412109375 0.4892578125 0.01171875 0.0166015625
0 0.4404296875 0.8046875 0.0205078125 0.037109375
0 0.5625 0.80078125 0.0166015625 0.0234375
0 0.5625 0.8740234375 0.013671875 0.017578125
0 0.498046875 0.916015625 0.0126953125 0.0185546875
0 0.5830078125 0.9873046875 0.01953125 0.0244140625
0 0.720703125 0.8427734375 0.0185546875 0.0166015625
0 0.6796875 0.859375 0.01171875 0.01171875
0 0.576171875 0.8984375 0.0078125 0.0126953125
0 0.751953125 0.9912109375 0.01171875 0.017578125
0 0.5458984375 0.9169921875 0.0224609375 0.0302734375
0 0.673828125 0.93359375 0.013671875 0.0263671875
0 0.6572265625 0.873046875 0.015625 0.021484375
0 0.6337890625 0.9248046875 0.0166015625 0.01953125
0 0.6357421875 0.9619140625 0.01953125 0.0205078125
0 0.62109375 0.701171875 0.0205078125 0.0361328125
0 0.5859375 0.375 0.0390625 0.05078125
0 0.4560546875 0.240234375 0.0185546875 0.033203125
0 0.494140625 0.748046875 0.03515625 0.0703125
0 0.2626953125 0.80859375 0.021484375 0.02734375
0 0.2158203125 0.7607421875 0.029296875 0.02734375
0 0.0224609375 0.6083984375 0.0146484375 0.0244140625
0 0.048828125 0.619140625 0.017578125 0.0244140625
0 0.0517578125 0.5654296875 0.0625 0.0390625
0 0.6650390625 0.7451171875 0.029296875 0.041015625
0 0.68359375 0.6953125 0.0791015625 0.037109375
0 0.232421875 0.337890625 0.0302734375 0.0322265625
0 0.1376953125 0.1728515625 0.021484375 0.0458984375
0 0.5859375 0.763671875 0.0244140625 0.02734375
0 0.4580078125 0.318359375 0.0947265625 0.0859375