0 0.62109375 0.8955078125 0.029296875 0.0380859375
0 0.6474609375 0.912109375 0.0205078125 0.0400390625
0 0.607421875 0.9736328125 0.046875 0.0439453125
0 0.7099609375 0.98046875 0.021484375 0.0390625
0 0.4873046875 0.958984375 0.0244140625 0.08203125
0 0.4404296875 0.8447265625 0.0146484375 0.03125
0 0.42578125 0.7275390625 0.0234375 0.0361328125
0 0.3740234375 0.8369140625 0.0234375 0.021484375
0 0.3359375 0.8408203125 0.0234375 0.021484375
0 0.2861328125 0.859375 0.029296875 0.0361328125
0 0.20703125 0.927734375 0.0380859375 0.037109375
0 0.3232421875 0.986328125 0.037109375 0.02734375
0 0.361328125 0.9873046875 0.0234375 0.025390625
0 0.3583984375 0.9658203125 0.01953125 0.021484375
0 0.3837890625 0.96484375 0.0166015625 0.0341796875
0 0.408203125 0.9736328125 0.02734375 0.0302734375
0 0.40234375 0.9521484375 0.013671875 0.009765625
0 0.453125 0.9404296875 0.021484375 0.02734375
0 0.46875 0.9287109375 0.0107421875 0.0205078125
0 0.4755859375 0.9482421875 0.0146484375 0.0146484375
0 0.4453125 0.90234375 0.0068359375 0.01171875
0 0.392578125 0.9111328125 0.0087890625 0.0166015625
0 0.4833984375 0.822265625 0.0166015625 0.0107421875
0 0.4814453125 0.83984375 0.009765625 0.01171875
0 0.4111328125 0.8173828125 0.013671875 0.02734375
0 0.373046875 0.77734375 0.0166015625 0.0166015625
0 0.31640625 0.755859375 0.021484375 0.0166015625
0 0.455078125 0.7373046875 0.0078125 0.0126953125
0 0.271484375 0.71484375 0.0263671875 0.0126953125
0 0.212890625 0.6923828125 0.05078125 0.037109375
0 0.2333984375 0.640625 0.0166015625 0.0224609375
0 0.1796875 0.640625 0.0439453125 0.0302734375
0 0.1513671875 0.669921875 0.009765625 0.01953125
0 0.0986328125 0.6337890625 0.017578125 0.017578125
0 0.1181640625 0.591796875 0.0166015625 0.0234375
0 0.1640625 0.5517578125 0.0244140625 0.0146484375
0 0.376953125 0.88671875 0.0078125 0.0126953125
0 0.3505859375 0.884765625 0.0078125 0.009765625
0 0.55078125 0.88671875 0.005859375 0.0126953125
0 0.587890625 0.853515625 0.015625 0.017578125
0 0.548828125 0.8095703125 0.0087890625 0.0126953125
0 0.5625 0.79296875 0.0107421875 0.0126953125
0 0.552734375 0.7939453125 0.0087890625 0.0107421875
0 0.619140625 0.7900390625 0.009765625 0.013671875
0 0.59765625 0.8232421875 0.009765625 0.0146484375
0 0.609375 0.7626953125 0.0126953125 0.0166015625
0 0.6279296875 0.7568359375 0.0146484375 0.0146484375
0 0.517578125 0.9052734375 0.0087890625 0.009765625
0 0.517578125 0.9169921875 0.0078125 0.009765625
0 0.505859375 0.9140625 0.009765625 0.01171875
0 0.50390625 0.8740234375 0.005859375 0.009765625
0 0.525390625 0.8759765625 0.00390625 0.0068359375
0 0.5556640625 0.9404296875 0.01171875 0.0146484375
0 0.58984375 0.9384765625 0.0068359375 0.0107421875
0 0.6611328125 0.984375 0.021484375 0.01953125
0 0.6904296875 0.92578125 0.013671875 0.0068359375
0 0.8115234375 0.826171875 0.0166015625 0.0263671875
0 0.7880859375 0.87890625 0.0146484375 0.0244140625
0 0.8291015625 0.79296875 0.0166015625 0.0185546875
0 0.853515625 0.8046875 0.0283203125 0.0390625
0 0.8095703125 0.9658203125 0.029296875 0.0166015625
0 0.8642578125 0.9794921875 0.01171875 0.0205078125
0 0.884765625 0.9794921875 0.01953125 0.0166015625
0 0.9296875 0.91015625 0.0078125 0.0107421875
0 0.9326171875 0.9208984375 0.005859375 0.005859375
0 0.9580078125 0.912109375 0.0166015625 0.01171875
0 0.9384765625 0.9521484375 0.0107421875 0.0107421875
0 0.9609375 0.87109375 0.013671875 0.017578125
0 0.970703125 0.8486328125 0.0185546875 0.01953125
0 0.908203125 0.783203125 0.01953125 0.03125
0 0.923828125 0.77734375 0.0146484375 0.0283203125
0 0.8037109375 0.7578125 0.0126953125 0.02734375
0 0.94140625 0.7109375 0.01171875 0.037109375
0 0.958984375 0.728515625 0.0146484375 0.0234375
0 0.89453125 0.6435546875 0.0107421875 0.0185546875
0 0.73046875 0.6884765625 0.01171875 0.01953125
0 0.7890625 0.62890625 0.0087890625 0.0107421875
0 0.66796875 0.7890625 0.017578125 0.0263671875
0 0.8525390625 0.5458984375 0.0126953125 0.025390625
0 0.6611328125 0.5205078125 0.0078125 0.017578125
0 0.4833984375 0.7421875 0.0224609375 0.0244140625
0 0.5029296875 0.734375 0.01171875 0.037109375
0 0.5 0.7626953125 0.009765625 0.0166015625
0 0.486328125 0.708984375 0.0244140625 0.015625
0 0.5654296875 0.734375 0.0166015625 0.013671875
0 0.578125 0.7470703125 0.0244140625 0.01171875
0 0.583984375 0.7119140625 0.0263671875 0.021484375
0 0.333984375 0.802734375 0.005859375 0.005859375
0 0.34375 0.8193359375 0.013671875 0.01171875
0 0.3740234375 0.7919921875 0.0087890625 0.0087890625
0 0.32421875 0.71484375 0.0302734375 0.005859375
0 0.1904296875 0.5693359375 0.009765625 0.0126953125
0 0.2099609375 0.5673828125 0.0224609375 0.0283203125
0 0.16015625 0.71484375 0.0087890625 0.01171875
0 0.0458984375 0.6591796875 0.017578125 0.0107421875
0 0.109375 0.6474609375 0.005859375 0.0078125
0 0.0595703125 0.703125 0.0078125 0.009765625
0 0.0927734375 0.658203125 0.005859375 0.0078125
0 0.0927734375 0.67578125 0.0078125 0.0107421875
0 0.2294921875 0.5283203125 0.0068359375 0.0107421875
0 0.0498046875 0.8603515625 0.005859375 0.015625
0 0.0556640625 0.8427734375 0.0107421875 0.015625
0 0.0302734375 0.8642578125 0.0078125 0.0107421875
0 0.0224609375 0.875 0.0126953125 0.009765625
0 0.056640625 0.80859375 0.0068359375 0.0126953125
0 0.0458984375 0.8203125 0.005859375 0.0068359375
0 0.0234375 0.8359375 0.0087890625 0.0107421875
0 0.08203125 0.982421875 0.0078125 0.017578125
0 0.09375 0.9921875 0.0068359375 0.0078125
0 0.02734375 0.96875 0.005859375 0.0146484375
0 0.0244140625 0.935546875 0.005859375 0.009765625
0 0.021484375 0.9150390625 0.0107421875 0.0087890625
0 0.1015625 0.8603515625 0.00390625 0.0087890625
0 0.16796875 0.8828125 0.0087890625 0.017578125
0 0.2548828125 0.6123046875 0.0048828125 0.0107421875
0 0.84375 0.87890625 0.013671875 0.0224609375
0 0.8623046875 0.880859375 0.0166015625 0.021484375
0 0.859375 0.923828125 0.0107421875 0.017578125
0 0.8759765625 0.9296875 0.017578125 0.029296875
0 0.9951171875 0.8916015625 0.0087890625 0.03125
0 0.7685546875 0.7119140625 0.0341796875 0.037109375
0 0.7802734375 0.7431640625 0.0302734375 0.0224609375
0 0.802734375 0.568359375 0.0166015625 0.0166015625
0 0.8271484375 0.5947265625 0.0107421875 0.0205078125
0 0.904296875 0.5625 0.013671875 0.025390625
0 0.88671875 0.5732421875 0.0146484375 0.01953125
0 0.9501953125 0.5224609375 0.0166015625 0.0400390625
0 0.9794921875 0.5869140625 0.041015625 0.0478515625
0 0.9951171875 0.6396484375 0.0087890625 0.025390625
0 0.98046875 0.6982421875 0.0166015625 0.0595703125
0 0.4072265625 0.8583984375 0.025390625 0.0390625
0 0.265625 0.490234375 0.0224609375 0.0185546875
0 0.546875 0.5712890625 0.009765625 0.021484375
0 0.09375 0.5419921875 0.0205078125 0.0166015625
0 0.3017578125 0.697265625 0.0234375 0.017578125
0 0.1484375 0.505859375 0.0361328125 0.044921875
0 0.1513671875 0.9755859375 0.0224609375 0.033203125
0 0.19140625 0.744140625 0.0087890625 0.0146484375
0 0.078125 0.9345703125 0.013671875 0.017578125
0 0.064453125 0.98046875 0.013671875 0.017578125
0 0.546875 0.97265625 0.013671875 0.01171875
0 0.5498046875 0.990234375 0.0078125 0.0166015625
0 0.3203125 0.869140625 0.0146484375 0.017578125
0 0.2861328125 0.9716796875 0.013671875 0.0107421875
0 0.2861328125 0.9521484375 0.0234375 0.0244140625
0 0.42578125 0.94921875 0.0087890625 0.0126953125
0 0.427734375 0.98828125 0.005859375 0.0126953125
0 0.4375 0.9912109375 0.0048828125 0.0146484375
0 0.451171875 0.9794921875 0.01171875 0.0244140625
0 0.5810546875 0.9404296875 0.0087890625 0.01953125
0 0.46875 0.853515625 0.0107421875 0.0107421875
0 0.474609375 0.7734375 0.0126953125 0.013671875
0 0.62890625 0.736328125 0.0107421875 0.015625
0 0.455078125 0.6796875 0.017578125 0.0244140625
0 0.349609375 0.591796875 0.021484375 0.017578125
0 0.4833984375 0.369140625 0.02734375 0.02734375
0 0.9541015625 0.3994140625 0.017578125 0.0263671875
0 0.9716796875 0.34765625 0.0205078125 0.017578125
0 0.9921875 0.30859375 0.015625 0.021484375
0 0.7138671875 0.439453125 0.0166015625 0.015625
0 0.7431640625 0.4306640625 0.0107421875 0.0146484375
0 0.73046875 0.4287109375 0.0078125 0.0107421875
0 0.72265625 0.560546875 0.015625 0.025390625
0 0.734375 0.8525390625 0.0390625 0.04296875
0 0.7763671875 0.5634765625 0.013671875 0.025390625
0 0.6953125 0.6484375 0.0087890625 0.013671875
0 0.70703125 0.6484375 0.009765625 0.017578125
0 0.73828125 0.5146484375 0.0068359375 0.0244140625
0 0.7783203125 0.470703125 0.01953125 0.013671875
0 0.8486328125 0.6494140625 0.017578125 0.0224609375
0 0.9921875 0.9931640625 0.015625 0.013671875
0 0.431640625 0.58203125 0.0146484375 0.0166015625
0 0.4765625 0.46875 0.0078125 0.0146484375
0 0.49609375 0.447265625 0.0068359375 0.0126953125
0 0.30078125 0.5625 0.0244140625 0.025390625
0 0.2646484375 0.6650390625 0.01171875 0.009765625
0 0.111328125 0.7431640625 0.0126953125 0.01953125
0 0.109375 0.8037109375 0.0146484375 0.01953125
0 0.1591796875 0.9033203125 0.013671875 0.01953125
0 0.994140625 0.7841796875 0.0068359375 0.013671875
0 0.8701171875 0.7080078125 0.01953125 0.0283203125
0 0.7177734375 0.7666015625 0.01953125 0.029296875
0 0.783203125 0.912109375 0.0224609375 0.0244140625
0 0.94921875 0.4775390625 0.025390625 0.0322265625
0 0.2890625 0.60546875 0.03125 0.0361328125