0 0.71484375 0.7353515625 0.041015625 0.033203125
0 0.7001953125 0.6953125 0.03515625 0.033203125
0 0.5654296875 0.6123046875 0.0263671875 0.0400390625
0 0.01953125 0.5888671875 0.029296875 0.0478515625
0 0.072265625 0.6484375 0.0263671875 0.044921875
0 0.0390625 0.7314453125 0.0166015625 0.01953125
0 0.1728515625 0.779296875 0.01953125 0.021484375
0 0.2099609375 0.7783203125 0.0146484375 0.0185546875
0 0.15625 0.5908203125 0.0126953125 0.0146484375
0 0.166015625 0.5791015625 0.01953125 0.0234375
0 0.1005859375 0.5595703125 0.013671875 0.021484375
0 0.1064453125 0.5439453125 0.021484375 0.0322265625
0 0.1904296875 0.5048828125 0.0322265625 0.037109375
0 0.005859375 0.3818359375 0.01171875 0.041015625
0 0.2197265625 0.4111328125 0.0205078125 0.0205078125
0 0.2431640625 0.4541015625 0.0244140625 0.037109375
0 0.0751953125 0.3994140625 0.0166015625 0.01953125
0 0.173828125 0.0205078125 0.03515625 0.041015625
0 0.1875 0.4228515625 0.0126953125 0.0146484375
0 0.2861328125 0.5927734375 0.0146484375 0.0166015625
0 0.30859375 0.490234375 0.01171875 0.01953125
0 0.26171875 0.4541015625 0.0185546875 0.0458984375
0 0.2373046875 0.6455078125 0.01171875 0.0283203125
0 0.2509765625 0.69140625 0.03515625 0.0263671875
0 0.30859375 0.6513671875 0.0224609375 0.029296875
0 0.2744140625 0.6494140625 0.0341796875 0.052734375
0 0.1943359375 0.68359375 0.009765625 0.009765625
0 0.109375 0.6689453125 0.0185546875 0.025390625
0 0.1171875 0.708984375 0.02734375 0.0478515625
0 0.0087890625 0.69140625 0.01171875 0.0185546875
0 0.029296875 0.7685546875 0.015625 0.0283203125
0 0.0185546875 0.8115234375 0.037109375 0.0322265625
0 0.005859375 0.8408203125 0.01171875 0.025390625
0 0.080078125 0.87890625 0.033203125 0.0244140625
0 0.0283203125 0.8994140625 0.0224609375 0.033203125
0 0.0380859375 0.931640625 0.017578125 0.021484375
0 0.119140625 0.9169921875 0.0244140625 0.033203125
0 0.091796875 0.9404296875 0.025390625 0.015625
0 0.1083984375 0.7841796875 0.0302734375 0.0283203125
0 0.0673828125 0.7392578125 0.009765625 0.0205078125
0 0.1220703125 0.6552734375 0.0322265625 0.0400390625
0 0.1484375 0.634765625 0.0146484375 0.02734375
0 0.224609375 0.94140625 0.0234375 0.04296875
0 0.2646484375 0.9365234375 0.0234375 0.0478515625
0 0.294921875 0.9140625 0.0283203125 0.0341796875
0 0.3017578125 0.9482421875 0.0283203125 0.029296875
0 0.201171875 0.8662109375 0.0234375 0.0244140625
0 0.0966796875 0.9853515625 0.021484375 0.029296875
0 0.361328125 0.974609375 0.0263671875 0.03515625
0 0.376953125 0.953125 0.0322265625 0.0322265625
0 0.4130859375 0.958984375 0.0302734375 0.044921875
0 0.423828125 0.9921875 0.0146484375 0.015625
0 0.48046875 0.9423828125 0.015625 0.0224609375
0 0.447265625 0.9453125 0.0185546875 0.017578125
0 0.4296875 0.9326171875 0.017578125 0.0166015625
0 0.408203125 0.9140625 0.017578125 0.0166015625
0 0.345703125 0.8876953125 0.0224609375 0.0146484375
0 0.3271484375 0.900390625 0.0126953125 0.013671875
0 0.455078125 0.98828125 0.005859375 0.009765625
0 0.505859375 0.9794921875 0.0078125 0.0078125
0 0.541015625 0.96484375 0.015625 0.0185546875
0 0.44921875 0.826171875 0.02734375 0.046875
0 0.392578125 0.7685546875 0.0185546875 0.01953125
0 0.3671875 0.8310546875 0.0224609375 0.01953125
0 0.4892578125 0.81640625 0.01953125 0.0263671875
0 0.4892578125 0.8388671875 0.0234375 0.0322265625
0 0.515625 0.892578125 0.0517578125 0.048828125
0 0.5068359375 0.712890625 0.01171875 0.02734375
0 0.54296875 0.6640625 0.0322265625 0.0302734375
0 0.4794921875 0.5712890625 0.0107421875 0.015625
0 0.404296875 0.5595703125 0.01171875 0.0166015625
0 0.4111328125 0.58203125 0.009765625 0.01953125
0 0.431640625 0.5791015625 0.025390625 0.01171875
0 0.482421875 0.6787109375 0.0283203125 0.0576171875
0 0.3681640625 0.669921875 0.025390625 0.0205078125
0 0.390625 0.6728515625 0.015625 0.0166015625
0 0.4150390625 0.6728515625 0.0205078125 0.0498046875
0 0.5244140625 0.783203125 0.0087890625 0.0185546875
0 0.11328125 0.375 0.017578125 0.029296875
0 0.0419921875 0.3837890625 0.0390625 0.0419921875
0 0.1572265625 0.669921875 0.015625 0.03125
0 0.1748046875 0.7001953125 0.0224609375 0.0537109375
0 0.169921875 0.642578125 0.01171875 0.0302734375
0 0.3154296875 0.720703125 0.0166015625 0.056640625
0 0.2802734375 0.8134765625 0.017578125 0.015625
0 0.3134765625 0.7841796875 0.0146484375 0.0205078125
0 0.26171875 0.8251953125 0.009765625 0.0126953125
0 0.31640625 0.8291015625 0.0087890625 0.0166015625
0 0.6142578125 0.8125 0.009765625 0.013671875
0 0.69140625 0.9755859375 0.0107421875 0.0146484375
0 0.6962890625 0.990234375 0.01953125 0.0166015625
0 0.72265625 0.8564453125 0.0107421875 0.013671875
0 0.6376953125 0.6552734375 0.0126953125 0.0224609375
0 0.6708984375 0.671875 0.017578125 0.0205078125
0 0.759765625 0.587890625 0.0166015625 0.0146484375
0 0.7412109375 0.5791015625 0.015625 0.013671875
0 0.853515625 0.5576171875 0.0126953125 0.015625
0 0.8447265625 0.5341796875 0.0107421875 0.0087890625
0 0.8330078125 0.947265625 0.005859375 0.0146484375
0 0.8447265625 0.951171875 0.0087890625 0.0166015625
0 0.89453125 0.7509765625 0.0146484375 0.017578125
0 0.9033203125 0.7392578125 0.0107421875 0.005859375
0 0.9052734375 0.7451171875 0.00390625 0.005859375
0 0.900390625 0.6708984375 0.0087890625 0.0107421875
0 0.86328125 0.646484375 0.005859375 0.0068359375
0 0.8720703125 0.689453125 0.0068359375 0.0126953125
0 0.818359375 0.7568359375 0.0087890625 0.0087890625
0 0.875 0.7294921875 0.009765625 0.01171875
0 0.8779296875 0.7529296875 0.009765625 0.0107421875
0 0.8779296875 0.7431640625 0.009765625 0.0087890625
0 0.87109375 0.787109375 0.0029296875 0.0087890625
0 0.876953125 0.7880859375 0.0048828125 0.0126953125
0 0.84765625 0.8623046875 0.0087890625 0.01171875
0 0.8466796875 0.8779296875 0.013671875 0.017578125
0 0.8564453125 0.890625 0.0146484375 0.0126953125
0 0.912109375 0.8125 0.0087890625 0.0087890625
0 0.90625 0.8037109375 0.0087890625 0.0126953125
0 0.7099609375 0.7998046875 0.0185546875 0.009765625
0 0.728515625 0.8154296875 0.0107421875 0.01171875
0 0.7119140625 0.7890625 0.0166015625 0.0126953125
0 0.734375 0.865234375 0.0087890625 0.0087890625
0 0.9765625 0.9482421875 0.0078125 0.0146484375
0 0.8017578125 0.5458984375 0.009765625 0.01171875
0 0.46875 0.48046875 0.017578125 0.0244140625
0 0.513671875 0.453125 0.017578125 0.0244140625
0 0.4990234375 0.4677734375 0.0078125 0.0166015625
0 0.7451171875 0.4599609375 0.0126953125 0.037109375
0 0.7333984375 0.2705078125 0.005859375 0.015625
0 0.7431640625 0.26953125 0.005859375 0.0224609375
0 0.865234375 0.3154296875 0.0078125 0.017578125
0 0.7392578125 0.142578125 0.029296875 0.025390625
0 0.6728515625 0.0830078125 0.0107421875 0.015625
0 0.7197265625 0.09375 0.013671875 0.0166015625
0 0.8408203125 0.2099609375 0.01171875 0.013671875
0 0.8134765625 0.240234375 0.009765625 0.0146484375
0 0.5625 0.1611328125 0.0126953125 0.01171875
0 0.8525390625 0.28515625 0.005859375 0.009765625
0 0.8544921875 0.2998046875 0.0078125 0.005859375
0 0.865234375 0.2666015625 0.0087890625 0.0126953125
0 0.724609375 0.3583984375 0.0087890625 0.025390625
0 0.521484375 0.3427734375 0.017578125 0.015625
0 0.6123046875 0.54296875 0.0078125 0.0107421875
0 0.544921875 0.439453125 0.0126953125 0.01171875
0 0.5107421875 0.6083984375 0.015625 0.0341796875
0 0.458984375 0.591796875 0.0126953125 0.017578125
0 0.5078125 0.67578125 0.01171875 0.009765625
0 0.44140625 0.693359375 0.009765625 0.015625
0 0.466796875 0.607421875 0.0068359375 0.0087890625
0 0.3759765625 0.638671875 0.009765625 0.005859375
0 0.2900390625 0.408203125 0.0146484375 0.0205078125
0 0.15625 0.310546875 0.015625 0.0234375
0 0.3076171875 0.2958984375 0.0126953125 0.0126953125
0 0.2294921875 0.0927734375 0.015625 0.017578125
0 0.208984375 0.1865234375 0.0185546875 0.02734375
0 0.3662109375 0.0166015625 0.0146484375 0.021484375
0 0.3515625 0.0380859375 0.0166015625 0.0166015625
0 0.416015625 0.1328125 0.0068359375 0.0126953125
0 0.44140625 0.1083984375 0.009765625 0.009765625
0 0.431640625 0.1015625 0.005859375 0.0087890625
0 0.494140625 0.1181640625 0.0087890625 0.0126953125
0 0.3720703125 0.302734375 0.0078125 0.0087890625
0 0.9931640625 0.7626953125 0.0087890625 0.01171875
0 0.95703125 0.91796875 0.0126953125 0.0263671875
0 0.90625 0.9208984375 0.005859375 0.0068359375
0 0.8515625 0.75 0.0087890625 0.0146484375
0 0.81640625 0.728515625 0.0048828125 0.005859375
0 0.8251953125 0.734375 0.0048828125 0.005859375
0 0.779296875 0.681640625 0.00390625 0.0048828125
0 0.7705078125 0.74609375 0.0087890625 0.009765625
0 0.8818359375 0.623046875 0.0078125 0.009765625
0 0.892578125 0.6435546875 0.0068359375 0.0126953125
0 0.7373046875 0.6845703125 0.0068359375 0.009765625
0 0.8525390625 0.578125 0.01171875 0.009765625
0 0.794921875 0.5869140625 0.0126953125 0.0126953125
0 0.66015625 0.638671875 0.009765625 0.0166015625
0 0.3486328125 0.8125 0.0126953125 0.013671875