0 0.658203125 0.587890625 0.0595703125 0.0703125
0 0.4794921875 0.599609375 0.0390625 0.037109375
0 0.4580078125 0.3974609375 0.076171875 0.0654296875
0 0.31640625 0.236328125 0.0732421875 0.072265625
0 0.248046875 0.3564453125 0.0478515625 0.0322265625
0 0.3642578125 0.755859375 0.068359375 0.0859375
0 0.3935546875 0.853515625 0.072265625 0.0673828125
0 0.6708984375 0.2998046875 0.1162109375 0.0830078125
0 0.4521484375 0.2001953125 0.064453125 0.0625
0 0.2255859375 0.7578125 0.12109375 0.0810546875
0 0.216796875 0.6748046875 0.0634765625 0.0400390625
0 0.2333984375 0.626953125 0.0478515625 0.044921875
0 0.1689453125 0.611328125 0.0576171875 0.046875
0 0.4951171875 0.8095703125 0.0478515625 0.0615234375
0 0.45703125 0.837890625 0.0322265625 0.0732421875
0 0.9326171875 0.955078125 0.0478515625 0.064453125
0 0.978515625 0.908203125 0.04296875 0.05859375
0 0.5810546875 0.8564453125 0.0888671875 0.107421875
0 0.259765625 0.94140625 0.064453125 0.0517578125
0 0.9677734375 0.6259765625 0.0576171875 0.0888671875
0 0.5673828125 0.9599609375 0.046875 0.080078125
0 0.60546875 0.94921875 0.05078125 0.0712890625
0 0.7080078125 0.921875 0.060546875 0.0625
0 0.810546875 0.6767578125 0.0517578125 0.068359375
0 0.7685546875 0.7265625 0.0556640625 0.0439453125
0 0.9111328125 0.6474609375 0.0703125 0.0634765625
0 0.8896484375 0.5751953125 0.0869140625 0.0771484375
0 0.744140625 0.5615234375 0.0361328125 0.037109375
0 0.92578125 0.771484375 0.0400390625 0.0478515625
0 0.8837890625 0.7421875 0.02734375 0.05078125
0 0.97265625 0.80859375 0.0302734375 0.048828125
0 0.87109375 0.95703125 0.0625 0.0693359375
0 0.7275390625 0.8095703125 0.05078125 0.0478515625
0 0.7373046875 0.83984375 0.0322265625 0.0302734375
0 0.7724609375 0.970703125 0.068359375 0.05859375
0 0.7587890625 0.763671875 0.0712890625 0.041015625
0 0.9169921875 0.8818359375 0.0244140625 0.0390625
0 0.9365234375 0.8935546875 0.0234375 0.0224609375
0 0.9150390625 0.9228515625 0.0341796875 0.04296875
0 0.8486328125 0.7451171875 0.046875 0.0673828125
0 0.9267578125 0.8525390625 0.0595703125 0.03515625
0 0.9755859375 0.8486328125 0.02734375 0.0419921875
0 0.9580078125 0.771484375 0.046875 0.0654296875
0 0.6123046875 0.7666015625 0.0615234375 0.056640625
0 0.6630859375 0.806640625 0.0341796875 0.048828125
0 0.7578125 0.69140625 0.029296875 0.0302734375
0 0.748046875 0.677734375 0.0263671875 0.0234375
0 0.443359375 0.9521484375 0.05859375 0.041015625
0 0.2490234375 0.833984375 0.0419921875 0.0458984375
0 0.0947265625 0.82421875 0.052734375 0.08203125
0 0.4443359375 0.7802734375 0.087890625 0.0654296875
0 0.4794921875 0.7587890625 0.017578125 0.021484375
0 0.3935546875 0.9794921875 0.0283203125 0.0361328125
0 0.3740234375 0.9248046875 0.0322265625 0.03125
0 0.2294921875 0.400390625 0.03125 0.0341796875
0 0.9697265625 0.3642578125 0.052734375 0.056640625
0 0.7958984375 0.501953125 0.05078125 0.0458984375
0 0.1884765625 0.9013671875 0.013671875 0.0166015625
0 0.173828125 0.3056640625 0.0380859375 0.0361328125
0 0.14453125 0.533203125 0.0556640625 0.0556640625
0 0.0830078125 0.18359375 0.0234375 0.0361328125
0 0.1064453125 0.1689453125 0.0244140625 0.0400390625
0 0.1806640625 0.4716796875 0.0048828125 0.0078125
0 0.2421875 0.88671875 0.0283203125 0.0419921875
0 0.69140625 0.8720703125 0.03125 0.03125
0 0.91015625 0.814453125 0.0263671875 0.033203125
0 0.5146484375 0.9765625 0.0341796875 0.0400390625
0 0.65625 0.4287109375 0.0625 0.046875
0 0.4345703125 0.4833984375 0.03515625 0.0283203125
0 0.84765625 0.8173828125 0.03515625 0.046875
0 0.9326171875 0.3232421875 0.0283203125 0.025390625
0 0.7763671875 0.5107421875 0.0126953125 0.02734375
0 0.759765625 0.880859375 0.0166015625 0.01171875
0 0.771484375 0.3642578125 0.0693359375 0.0595703125
0 0.501953125 0.5400390625 0.013671875 0.013671875
0 0.505859375 0.0859375 0.0712890625 0.056640625
0 0.1982421875 0.279296875 0.0205078125 0.025390625
0 0.845703125 0.89453125 0.044921875 0.060546875
0 0.81640625 0.8388671875 0.041015625 0.0361328125
0 0.1875 0.462890625 0.0517578125 0.056640625
0 0.3896484375 0.6796875 0.087890625 0.0556640625
0 0.78125 0.9189453125 0.0400390625 0.0439453125
0 0.056640625 0.7470703125 0.02734375 0.046875
0 0.4208984375 0.654296875 0.0498046875 0.0302734375
0 0.7060546875 0.3896484375 0.06640625 0.064453125
0 0.529296875 0.919921875 0.013671875 0.0341796875
0 0.44921875 0.599609375 0.0146484375 0.015625
0 0.4912109375 0.5634765625 0.01171875 0.0126953125
0 0.025390625 0.623046875 0.044921875 0.04296875
0 0.6376953125 0.4365234375 0.0087890625 0.0146484375
0 0.9580078125 0.5029296875 0.013671875 0.0185546875
0 0.4130859375 0.50390625 0.0107421875 0.0126953125
0 0.130859375 0.349609375 0.0205078125 0.0166015625