0 0.9443359375 0.546875 0.0341796875 0.025390625
0 0.791015625 0.5322265625 0.033203125 0.029296875
0 0.962890625 0.6669921875 0.0146484375 0.01953125
0 0.6650390625 0.5400390625 0.0244140625 0.0302734375
0 0.8505859375 0.90234375 0.033203125 0.0341796875
0 0.9453125 0.80859375 0.021484375 0.0244140625
0 0.94921875 0.775390625 0.025390625 0.025390625
0 0.9814453125 0.791015625 0.0107421875 0.0087890625
0 0.982421875 0.7734375 0.01171875 0.0107421875
0 0.9912109375 0.94921875 0.013671875 0.052734375
0 0.736328125 0.96484375 0.041015625 0.0390625
0 0.7734375 0.912109375 0.0341796875 0.068359375
0 0.7578125 0.798828125 0.03515625 0.0380859375
0 0.658203125 0.740234375 0.037109375 0.0361328125
0 0.5380859375 0.8017578125 0.02734375 0.03515625
0 0.5302734375 0.84765625 0.037109375 0.0458984375
0 0.498046875 0.9345703125 0.0419921875 0.0419921875
0 0.3271484375 0.888671875 0.0546875 0.0380859375
0 0.3427734375 0.9833984375 0.037109375 0.033203125
0 0.4384765625 0.947265625 0.0302734375 0.03515625
0 0.4287109375 0.8642578125 0.0185546875 0.0126953125
0 0.408203125 0.82421875 0.0283203125 0.0205078125
0 0.484375 0.7080078125 0.0244140625 0.0263671875
0 0.5615234375 0.98046875 0.0185546875 0.0126953125
0 0.576171875 0.994140625 0.0390625 0.01171875
0 0.609375 0.9580078125 0.025390625 0.02734375
0 0.5703125 0.6044921875 0.0205078125 0.046875
0 0.615234375 0.3115234375 0.025390625 0.0341796875
0 0.8212890625 0.818359375 0.029296875 0.0322265625
0 0.8291015625 0.75390625 0.0302734375 0.03125
0 0.845703125 0.771484375 0.0302734375 0.052734375
0 0.734375 0.755859375 0.013671875 0.0146484375
0 0.8056640625 0.619140625 0.0146484375 0.0126953125
0 0.7119140625 0.4794921875 0.029296875 0.0302734375
0 0.9609375 0.4794921875 0.0166015625 0.0224609375
0 0.9814453125 0.4619140625 0.01171875 0.01171875
0 0.8828125 0.5400390625 0.005859375 0.0166015625
0 0.87109375 0.54296875 0.0068359375 0.0087890625
0 0.87890625 0.5654296875 0.0068359375 0.0146484375
0 0.87109375 0.6494140625 0.0126953125 0.0166015625
0 0.90234375 0.9208984375 0.029296875 0.017578125
0 0.9345703125 0.8935546875 0.015625 0.02734375
0 0.9482421875 0.927734375 0.0205078125 0.01953125
0 0.939453125 0.974609375 0.03125 0.05078125
0 0.8173828125 0.888671875 0.0078125 0.01171875
0 0.8193359375 0.951171875 0.0205078125 0.0166015625
0 0.8232421875 0.9755859375 0.0078125 0.0234375
0 0.74609375 0.841796875 0.029296875 0.0224609375
0 0.7158203125 0.83203125 0.02734375 0.025390625
0 0.72265625 0.8154296875 0.0224609375 0.017578125
0 0.6767578125 0.6630859375 0.0087890625 0.0146484375
0 0.5224609375 0.4892578125 0.009765625 0.0107421875
0 0.5830078125 0.4931640625 0.0166015625 0.0224609375
0 0.603515625 0.5869140625 0.0419921875 0.0576171875
0 0.732421875 0.544921875 0.0439453125 0.046875
0 0.5673828125 0.4736328125 0.005859375 0.0068359375
0 0.625 0.755859375 0.0078125 0.0087890625
0 0.794921875 0.7099609375 0.021484375 0.0283203125
0 0.630859375 0.8515625 0.0419921875 0.037109375
0 0.724609375 0.634765625 0.0068359375 0.0087890625
0 0.53515625 0.7255859375 0.041015625 0.0263671875
0 0.6611328125 0.9716796875 0.0458984375 0.046875
0 0.958984375 0.8515625 0.0322265625 0.037109375
0 0.9833984375 0.7236328125 0.029296875 0.0400390625
0 0.2353515625 0.8544921875 0.0146484375 0.021484375
0 0.427734375 0.154296875 0.0263671875 0.021484375
0 0.576171875 0.208984375 0.01171875 0.0185546875
0 0.544921875 0.1708984375 0.009765625 0.009765625
0 0.6298828125 0.193359375 0.013671875 0.0087890625
0 0.291015625 0.11328125 0.009765625 0.015625
0 0.2626953125 0.125 0.0087890625 0.01171875
0 0.259765625 0.1650390625 0.0068359375 0.0078125
0 0.2646484375 0.1767578125 0.0126953125 0.0087890625
0 0.1611328125 0.0703125 0.0107421875 0.0166015625
0 0.1455078125 0.0673828125 0.013671875 0.0166015625
0 0.4677734375 0.0478515625 0.0126953125 0.0087890625
0 0.4208984375 0.064453125 0.009765625 0.0107421875
0 0.1220703125 0.4052734375 0.0146484375 0.0107421875
0 0.166015625 0.4560546875 0.015625 0.0283203125
0 0.0654296875 0.5595703125 0.0234375 0.0322265625
0 0.150390625 0.705078125 0.0185546875 0.0263671875
0 0.2333984375 0.609375 0.0146484375 0.0400390625
0 0.384765625 0.7685546875 0.015625 0.0224609375
0 0.416015625 0.759765625 0.0107421875 0.015625
0 0.4384765625 0.7509765625 0.01171875 0.013671875
0 0.37890625 0.8642578125 0.0244140625 0.03515625
0 0.0576171875 0.8583984375 0.015625 0.0166015625
0 0.40234375 0.427734375 0.01171875 0.0185546875
0 0.435546875 0.396484375 0.0263671875 0.015625
0 0.4697265625 0.3896484375 0.0302734375 0.0107421875
0 0.46875 0.40234375 0.0126953125 0.0146484375
0 0.4345703125 0.373046875 0.0126953125 0.01171875
0 0.4619140625 0.369140625 0.0107421875 0.01171875
0 0.4404296875 0.3642578125 0.0068359375 0.0068359375
0 0.4091796875 0.5224609375 0.0087890625 0.005859375
0 0.4228515625 0.4921875 0.0068359375 0.0068359375
0 0.474609375 0.541015625 0.00390625 0.005859375
0 0.45703125 0.580078125 0.005859375 0.013671875
0 0.470703125 0.5693359375 0.00390625 0.009765625
0 0.56640625 0.572265625 0.0146484375 0.0185546875
0 0.751953125 0.712890625 0.0107421875 0.0146484375
0 0.779296875 0.6796875 0.0087890625 0.015625
0 0.7958984375 0.6875 0.0087890625 0.0107421875
0 0.8505859375 0.689453125 0.01171875 0.01171875
0 0.849609375 0.67578125 0.0087890625 0.0107421875
0 0.8544921875 0.7099609375 0.0087890625 0.017578125
0 0.8837890625 0.6923828125 0.0078125 0.0087890625
0 0.765625 0.64453125 0.0107421875 0.0166015625
0 0.77734375 0.6259765625 0.009765625 0.0107421875
0 0.8876953125 0.76953125 0.0126953125 0.0205078125
0 0.94140625 0.6357421875 0.0302734375 0.0576171875
0 0.892578125 0.7109375 0.0048828125 0.009765625
0 0.8994140625 0.7177734375 0.01171875 0.0146484375
0 0.919921875 0.7451171875 0.0087890625 0.013671875
0 0.8837890625 0.724609375 0.0126953125 0.015625
0 0.896484375 0.7373046875 0.0107421875 0.0107421875
0 0.908203125 0.353515625 0.0419921875 0.0234375
0 0.9306640625 0.3076171875 0.0244140625 0.0341796875
0 0.9609375 0.35546875 0.0224609375 0.0322265625
0 0.775390625 0.1533203125 0.0205078125 0.021484375
0 0.9072265625 0.9765625 0.005859375 0.009765625
0 0.7333984375 0.7333984375 0.017578125 0.0146484375
0 0.7900390625 0.607421875 0.005859375 0.0107421875
0 0.072265625 0.3505859375 0.0400390625 0.033203125
0 0.1728515625 0.2861328125 0.015625 0.0244140625
0 0.3310546875 0.3486328125 0.021484375 0.0244140625
0 0.2470703125 0.0234375 0.01171875 0.0166015625
0 0.322265625 0.0556640625 0.0107421875 0.005859375
0 0.3291015625 0.02734375 0.009765625 0.0126953125
0 0.193359375 0.212890625 0.009765625 0.009765625
0 0.076171875 0.142578125 0.0078125 0.0087890625
0 0.15234375 0.1015625 0.0107421875 0.0126953125
0 0.04296875 0.279296875 0.0166015625 0.0126953125
0 0.22265625 0.3125 0.0126953125 0.0244140625
0 0.201171875 0.42578125 0.0078125 0.0166015625
0 0.2158203125 0.4228515625 0.009765625 0.0244140625
0 0.064453125 0.5234375 0.0166015625 0.013671875
0 0.0546875 0.4443359375 0.0244140625 0.015625
0 0.0078125 0.525390625 0.015625 0.021484375
0 0.21484375 0.5390625 0.01953125 0.01171875
0 0.201171875 0.5537109375 0.013671875 0.013671875
0 0.123046875 0.609375 0.0205078125 0.0263671875
0 0.533203125 0.2744140625 0.0107421875 0.015625
0 0.5869140625 0.0595703125 0.01953125 0.01953125
0 0.591796875 0.033203125 0.0166015625 0.0205078125
0 0.7861328125 0.2373046875 0.0126953125 0.0166015625
0 0.7197265625 0.201171875 0.0126953125 0.0126953125
0 0.7470703125 0.140625 0.0166015625 0.01953125
0 0.869140625 0.4541015625 0.0166015625 0.021484375
0 0.564453125 0.9404296875 0.0166015625 0.029296875
0 0.5927734375 0.900390625 0.0615234375 0.0498046875
0 0.4130859375 0.97265625 0.0166015625 0.021484375
0 0.416015625 0.89453125 0.01171875 0.0283203125
0 0.431640625 0.8857421875 0.01171875 0.0126953125
0 0.5380859375 0.9716796875 0.0146484375 0.01953125
0 0.5009765625 0.9765625 0.01953125 0.0146484375
0 0.490234375 0.96484375 0.0166015625 0.0087890625
0 0.703125 0.98828125 0.0185546875 0.0234375
0 0.705078125 0.9501953125 0.0087890625 0.03515625
0 0.6923828125 0.9501953125 0.01171875 0.0224609375
0 0.67578125 0.90625 0.0185546875 0.041015625
0 0.6845703125 0.8681640625 0.0126953125 0.01953125
0 0.296875 0.990234375 0.017578125 0.01953125
0 0.150390625 0.5283203125 0.0185546875 0.0302734375
0 0.9072265625 0.853515625 0.0302734375 0.0224609375
0 0.9951171875 0.8876953125 0.0087890625 0.0302734375
0 0.873046875 0.9912109375 0.029296875 0.0166015625
0 0.890625 0.892578125 0.025390625 0.0087890625
0 0.5849609375 0.7216796875 0.0087890625 0.0078125