0 0.0791015625 0.4208984375 0.05859375 0.130859375
0 0.1630859375 0.4521484375 0.107421875 0.0869140625
0 0.078125 0.54296875 0.0703125 0.0966796875
0 0.205078125 0.6005859375 0.1044921875 0.1513671875
0 0.5283203125 0.4658203125 0.142578125 0.2060546875
0 0.310546875 0.47265625 0.12109375 0.080078125
0 0.357421875 0.6015625 0.064453125 0.1455078125
0 0.0498046875 0.0576171875 0.099609375 0.1142578125
0 0.3642578125 0.251953125 0.04296875 0.0673828125
0 0.4013671875 0.2490234375 0.0244140625 0.0615234375
0 0.5087890625 0.2666015625 0.0439453125 0.0830078125
0 0.390625 0.419921875 0.0537109375 0.1669921875
0 0.4697265625 0.75 0.099609375 0.0859375
0 0.134765625 0.7568359375 0.1142578125 0.0751953125
0 0.1708984375 0.9404296875 0.0849609375 0.0595703125
0 0.02734375 0.958984375 0.0546875 0.0810546875
0 0.029296875 0.84765625 0.0556640625 0.1162109375
0 0.2216796875 0.7080078125 0.0751953125 0.0478515625
0 0.4453125 0.2333984375 0.068359375 0.10546875
0 0.6728515625 0.271484375 0.0791015625 0.08984375
0 0.65625 0.38671875 0.03125 0.115234375
0 0.6220703125 0.37109375 0.037109375 0.0703125
0 0.5498046875 0.7109375 0.0703125 0.1337890625
0 0.798828125 0.630859375 0.046875 0.0546875
0 0.8095703125 0.6796875 0.037109375 0.0361328125
0 0.615234375 0.861328125 0.0849609375 0.130859375
0 0.4990234375 0.95703125 0.041015625 0.083984375
0 0.375 0.97265625 0.08984375 0.0537109375
0 0.4140625 0.908203125 0.04296875 0.1142578125
0 0.2822265625 0.8984375 0.0322265625 0.048828125
0 0.248046875 0.919921875 0.041015625 0.0654296875
0 0.3251953125 0.7314453125 0.0498046875 0.0712890625
0 0.39453125 0.7294921875 0.041015625 0.0537109375
0 0.4384765625 0.671875 0.03515625 0.0576171875
0 0.482421875 0.673828125 0.0400390625 0.0751953125
0 0.9501953125 0.462890625 0.099609375 0.193359375
0 0.8232421875 0.3408203125 0.072265625 0.123046875
0 0.74609375 0.125 0.0615234375 0.091796875
0 0.955078125 0.619140625 0.08984375 0.078125
0 0.958984375 0.6923828125 0.08203125 0.068359375
0 0.673828125 0.974609375 0.0869140625 0.05078125
0 0.5771484375 0.970703125 0.08203125 0.0576171875
0 0.822265625 0.7421875 0.033203125 0.0537109375
0 0.76953125 0.7138671875 0.037109375 0.0185546875
0 0.7880859375 0.7353515625 0.0234375 0.0185546875
0 0.7080078125 0.6767578125 0.052734375 0.0322265625
0 0.634765625 0.5849609375 0.0595703125 0.140625
0 0.697265625 0.5947265625 0.0205078125 0.021484375
0 0.7119140625 0.6455078125 0.0166015625 0.0166015625
0 0.7080078125 0.5380859375 0.0224609375 0.0341796875
0 0.4111328125 0.107421875 0.0732421875 0.083984375
0 0.4580078125 0.041015625 0.0693359375 0.0771484375
0 0.1494140625 0.3310546875 0.1005859375 0.1083984375
0 0.185546875 0.111328125 0.154296875 0.22265625
0 0.0771484375 0.2265625 0.0517578125 0.0673828125
0 0.4521484375 0.947265625 0.041015625 0.10546875
0 0.3134765625 0.794921875 0.0771484375 0.0791015625
0 0.1689453125 0.9814453125 0.103515625 0.0361328125
0 0.96875 0.955078125 0.0615234375 0.08984375
0 0.7568359375 0.9091796875 0.0947265625 0.0849609375