0 0.1318359375 0.7275390625 0.0810546875 0.109375
0 0.2119140625 0.783203125 0.0400390625 0.0791015625
0 0.267578125 0.7763671875 0.0556640625 0.0791015625
0 0.427734375 0.9443359375 0.0703125 0.1103515625
0 0.6044921875 0.869140625 0.0439453125 0.0947265625
0 0.6962890625 0.857421875 0.0927734375 0.05859375
0 0.462890625 0.564453125 0.1064453125 0.1083984375
0 0.4736328125 0.68359375 0.0810546875 0.109375
0 0.3671875 0.568359375 0.0703125 0.07421875
0 0.3720703125 0.62109375 0.056640625 0.03515625
0 0.3798828125 0.6630859375 0.0537109375 0.04296875
0 0.18359375 0.4677734375 0.0751953125 0.0830078125
0 0.1923828125 0.607421875 0.08203125 0.087890625
0 0.2060546875 0.5400390625 0.0439453125 0.044921875
0 0.2333984375 0.4853515625 0.0595703125 0.064453125
0 0.1884765625 0.400390625 0.091796875 0.0751953125
0 0.3134765625 0.4306640625 0.0673828125 0.0849609375
0 0.36328125 0.3330078125 0.0498046875 0.095703125
0 0.7275390625 0.23046875 0.0947265625 0.1142578125
0 0.6201171875 0.453125 0.095703125 0.1318359375
0 0.580078125 0.720703125 0.0791015625 0.080078125
0 0.69140625 0.5927734375 0.06640625 0.064453125
0 0.7421875 0.5048828125 0.0625 0.0927734375
0 0.8251953125 0.404296875 0.09375 0.0927734375
0 0.5556640625 0.2255859375 0.1123046875 0.1181640625
0 0.6630859375 0.158203125 0.0625 0.1171875
0 0.419921875 0.091796875 0.037109375 0.0498046875
0 0.306640625 0.251953125 0.0751953125 0.048828125
0 0.4560546875 0.857421875 0.0625 0.0595703125
0 0.322265625 0.8037109375 0.0400390625 0.05859375
0 0.763671875 0.638671875 0.0673828125 0.10546875
0 0.66015625 0.705078125 0.037109375 0.05859375
0 0.640625 0.6484375 0.041015625 0.0400390625
0 0.5478515625 0.5263671875 0.0390625 0.046875
0 0.5439453125 0.580078125 0.048828125 0.04296875
0 0.578125 0.6064453125 0.04296875 0.0556640625
0 0.7431640625 0.3466796875 0.046875 0.04296875
0 0.6826171875 0.3466796875 0.0595703125 0.076171875
0 0.515625 0.37890625 0.078125 0.0908203125
0 0.435546875 0.392578125 0.068359375 0.0908203125
0 0.3720703125 0.4150390625 0.0439453125 0.0595703125
0 0.3408203125 0.3681640625 0.03515625 0.0546875
0 0.4365234375 0.15234375 0.1162109375 0.0869140625
0 0.8896484375 0.4697265625 0.0849609375 0.107421875
0 0.771484375 0.7958984375 0.072265625 0.076171875
0 0.306640625 0.1337890625 0.0771484375 0.1630859375
0 0.69140625 0.537109375 0.048828125 0.064453125
0 0.5732421875 0.3056640625 0.046875 0.07421875
0 0.6181640625 0.3046875 0.0419921875 0.0546875
0 0.2568359375 0.3037109375 0.0400390625 0.06640625
0 0.1005859375 0.5390625 0.0537109375 0.0595703125
0 0.861328125 0.734375 0.0439453125 0.0556640625
0 0.818359375 0.697265625 0.064453125 0.0673828125
0 0.68359375 0.4453125 0.025390625 0.052734375
0 0.9755859375 0.4755859375 0.0478515625 0.056640625
0 0.828125 0.6103515625 0.0361328125 0.0556640625
0 0.8212890625 0.541015625 0.0615234375 0.083984375
0 0.8974609375 0.5625 0.09375 0.08203125
0 0.4404296875 0.265625 0.083984375 0.0927734375
0 0.35546875 0.87109375 0.0439453125 0.037109375
0 0.4228515625 0.7841796875 0.0400390625 0.05859375
0 0.3623046875 0.91796875 0.037109375 0.04296875
0 0.318359375 0.873046875 0.048828125 0.0546875
0 0.2080078125 0.9091796875 0.087890625 0.083984375
0 0.115234375 0.85546875 0.0751953125 0.0791015625
0 0.5400390625 0.947265625 0.044921875 0.1044921875
0 0.4931640625 0.8037109375 0.0830078125 0.05859375
0 0.0849609375 0.416015625 0.0263671875 0.03515625
0 0.947265625 0.89453125 0.0732421875 0.1240234375
0 0.974609375 0.7353515625 0.0498046875 0.064453125
0 0.61328125 0.7802734375 0.0966796875 0.0537109375
0 0.7861328125 0.30859375 0.076171875 0.0703125
0 0.6328125 0.58203125 0.0498046875 0.0537109375
0 0.650390625 0.072265625 0.037109375 0.0634765625
0 0.828125 0.201171875 0.064453125 0.0869140625
0 0.8515625 0.931640625 0.064453125 0.072265625
0 0.787109375 0.869140625 0.0615234375 0.0556640625
0 0.7333984375 0.9345703125 0.0927734375 0.0712890625
0 0.3701171875 0.810546875 0.0595703125 0.0634765625
0 0.5576171875 0.43359375 0.0478515625 0.08203125
0 0.705078125 0.6826171875 0.0498046875 0.072265625
0 0.712890625 0.74609375 0.0673828125 0.0595703125
0 0.958984375 0.3017578125 0.0341796875 0.0458984375
0 0.88671875 0.2255859375 0.0576171875 0.0380859375