0 0.7822265625 0.6416015625 0.1142578125 0.154296875
0 0.9404296875 0.748046875 0.078125 0.181640625
0 0.677734375 0.9638671875 0.07421875 0.072265625
0 0.556640625 0.9404296875 0.076171875 0.1083984375
0 0.31640625 0.8974609375 0.1005859375 0.125
0 0.248046875 0.9560546875 0.0517578125 0.087890625
0 0.1904296875 0.884765625 0.056640625 0.08984375
0 0.181640625 0.7392578125 0.1181640625 0.1181640625
0 0.0947265625 0.86328125 0.0625 0.0751953125
0 0.13671875 0.9267578125 0.0380859375 0.0546875
0 0.2587890625 0.6005859375 0.091796875 0.1435546875
0 0.28125 0.6953125 0.0322265625 0.1220703125
0 0.2001953125 0.31640625 0.2763671875 0.240234375
0 0.146484375 0.2138671875 0.0322265625 0.044921875
0 0.150390625 0.1513671875 0.056640625 0.0751953125
0 0.556640625 0.2705078125 0.0849609375 0.060546875
0 0.38671875 0.4365234375 0.046875 0.1162109375
0 0.3896484375 0.6484375 0.0849609375 0.1142578125
0 0.5986328125 0.78125 0.1240234375 0.1494140625
0 0.806640625 0.830078125 0.107421875 0.140625
0 0.8408203125 0.9443359375 0.0556640625 0.0634765625
0 0.7294921875 0.9541015625 0.0751953125 0.0576171875
0 0.7158203125 0.89453125 0.068359375 0.0625
0 0.8154296875 0.517578125 0.08203125 0.0810546875
0 0.8984375 0.4169921875 0.064453125 0.0830078125
0 0.947265625 0.4638671875 0.0361328125 0.04296875
0 0.9189453125 0.560546875 0.0390625 0.0390625
0 0.892578125 0.6171875 0.0673828125 0.0693359375
0 0.791015625 0.4228515625 0.126953125 0.1005859375
0 0.708984375 0.5439453125 0.1123046875 0.1181640625
0 0.5859375 0.6416015625 0.0947265625 0.125
0 0.685546875 0.669921875 0.1162109375 0.09375
0 0.4736328125 0.501953125 0.0537109375 0.0810546875
0 0.4150390625 0.802734375 0.11328125 0.130859375
0 0.091796875 0.599609375 0.072265625 0.0537109375
0 0.6123046875 0.51953125 0.0849609375 0.109375
0 0.658203125 0.3544921875 0.0341796875 0.037109375
0 0.5302734375 0.5390625 0.064453125 0.099609375
0 0.458984375 0.5888671875 0.041015625 0.064453125
0 0.57421875 0.3623046875 0.0595703125 0.048828125
0 0.3955078125 0.2529296875 0.076171875 0.0439453125
0 0.017578125 0.26171875 0.03515625 0.037109375
0 0.1845703125 0.7138671875 0.076171875 0.0302734375
0 0.833984375 0.1640625 0.029296875 0.03125
0 0.5439453125 0.416015625 0.037109375 0.0478515625
0 0.009765625 0.1259765625 0.0185546875 0.0234375
0 0.41796875 0.9189453125 0.1328125 0.15625
0 0.796875 0.404296875 0.0224609375 0.0234375
0 0.6796875 0.41015625 0.03125 0.03125
0 0.740234375 0.3046875 0.048828125 0.0791015625
0 0.478515625 0.4140625 0.0400390625 0.0849609375
0 0.4404296875 0.43359375 0.04296875 0.083984375