0 0.83984375 0.6142578125 0.0380859375 0.0380859375
0 0.84765625 0.6455078125 0.0166015625 0.01953125
0 0.8740234375 0.6416015625 0.025390625 0.0341796875
0 0.8974609375 0.5830078125 0.015625 0.01953125
0 0.9609375 0.453125 0.0146484375 0.0205078125
0 0.4658203125 0.3486328125 0.0380859375 0.0380859375
0 0.6513671875 0.4140625 0.0244140625 0.0224609375
0 0.736328125 0.5244140625 0.0302734375 0.0361328125
0 0.7978515625 0.8984375 0.0185546875 0.0390625
0 0.755859375 0.943359375 0.009765625 0.02734375
0 0.5908203125 0.8310546875 0.013671875 0.01171875
0 0.5322265625 0.83203125 0.0126953125 0.0126953125
0 0.423828125 0.822265625 0.013671875 0.0185546875
0 0.4130859375 0.8310546875 0.0078125 0.01953125
0 0.388671875 0.7080078125 0.021484375 0.0283203125
0 0.5439453125 0.6806640625 0.0078125 0.0146484375
0 0.61328125 0.732421875 0.0166015625 0.03515625
0 0.6396484375 0.73828125 0.01171875 0.013671875
0 0.62109375 0.7666015625 0.0068359375 0.0185546875
0 0.583984375 0.8046875 0.0048828125 0.009765625
0 0.708984375 0.767578125 0.0078125 0.0146484375
0 0.724609375 0.8310546875 0.0087890625 0.015625
0 0.6669921875 0.8701171875 0.00390625 0.015625
0 0.6787109375 0.828125 0.021484375 0.0263671875
0 0.68359375 0.85546875 0.0322265625 0.0234375
0 0.375 0.9619140625 0.013671875 0.033203125
0 0.416015625 0.9853515625 0.01171875 0.0146484375
0 0.265625 0.8681640625 0.005859375 0.0078125
0 0.33203125 0.7421875 0.01171875 0.0146484375
0 0.3984375 0.64453125 0.0078125 0.0107421875
0 0.3447265625 0.5205078125 0.005859375 0.0234375
0 0.2529296875 0.6025390625 0.013671875 0.0146484375
0 0.2216796875 0.6767578125 0.0146484375 0.0126953125
0 0.29296875 0.603515625 0.0302734375 0.0205078125
0 0.3671875 0.59765625 0.0361328125 0.013671875
0 0.3798828125 0.6162109375 0.01171875 0.017578125
0 0.412109375 0.5927734375 0.009765625 0.017578125
0 0.404296875 0.611328125 0.0166015625 0.0146484375
0 0.423828125 0.623046875 0.0087890625 0.0087890625
0 0.455078125 0.587890625 0.0087890625 0.0166015625
0 0.4794921875 0.5625 0.0078125 0.005859375
0 0.513671875 0.6005859375 0.0048828125 0.0126953125
0 0.3251953125 0.8720703125 0.0107421875 0.0126953125
0 0.314453125 0.8740234375 0.0107421875 0.015625
0 0.3203125 0.845703125 0.0078125 0.0107421875
0 0.3310546875 0.8583984375 0.0146484375 0.0126953125
0 0.189453125 0.9404296875 0.0107421875 0.009765625
0 0.1142578125 0.9775390625 0.025390625 0.01171875
0 0.146484375 0.8115234375 0.0185546875 0.033203125
0 0.0458984375 0.90625 0.0068359375 0.01171875
0 0.3037109375 0.8876953125 0.0048828125 0.009765625
0 0.279296875 0.908203125 0.0078125 0.0068359375
0 0.4736328125 0.7255859375 0.0078125 0.0107421875
0 0.5654296875 0.5712890625 0.0087890625 0.0126953125
0 0.5732421875 0.55859375 0.01171875 0.0107421875
0 0.513671875 0.427734375 0.0224609375 0.0146484375
0 0.4599609375 0.4248046875 0.0146484375 0.0126953125
0 0.3486328125 0.23046875 0.01953125 0.0205078125
0 0.34765625 0.302734375 0.0185546875 0.0234375
0 0.3720703125 0.271484375 0.0263671875 0.076171875
0 0.4013671875 0.3017578125 0.03125 0.0185546875
0 0.515625 0.28125 0.01171875 0.0078125
0 0.4873046875 0.3203125 0.01953125 0.0283203125
0 0.6005859375 0.330078125 0.01171875 0.015625
0 0.3134765625 0.42578125 0.0146484375 0.0126953125
0 0.306640625 0.44140625 0.013671875 0.015625
0 0.1806640625 0.3955078125 0.0283203125 0.021484375
0 0.1767578125 0.4775390625 0.013671875 0.01953125
0 0.009765625 0.4619140625 0.01953125 0.03125
0 0.0810546875 0.6259765625 0.015625 0.0126953125
0 0.0986328125 0.6767578125 0.0126953125 0.013671875
0 0.0263671875 0.685546875 0.015625 0.0107421875
0 0.2998046875 0.177734375 0.0126953125 0.01953125
0 0.4033203125 0.142578125 0.0205078125 0.0263671875
0 0.529296875 0.0888671875 0.013671875 0.0146484375
0 0.44140625 0.1484375 0.005859375 0.013671875
0 0.009765625 0.0244140625 0.013671875 0.0205078125
0 0.095703125 0.1806640625 0.009765625 0.0146484375
0 0.083984375 0.166015625 0.0126953125 0.0146484375
0 0.08203125 0.150390625 0.0146484375 0.0126953125
0 0.1513671875 0.0791015625 0.009765625 0.01171875
0 0.033203125 0.412109375 0.0126953125 0.0068359375
0 0.02734375 0.42578125 0.0107421875 0.009765625
0 0.103515625 0.5234375 0.0087890625 0.009765625
0 0.3193359375 0.5712890625 0.0166015625 0.015625
0 0.333984375 0.5810546875 0.01171875 0.0322265625
0 0.6201171875 0.6484375 0.0205078125 0.013671875
0 0.625 0.662109375 0.0166015625 0.015625
0 0.654296875 0.6708984375 0.0166015625 0.0126953125
0 0.6494140625 0.65625 0.0263671875 0.015625
0 0.6748046875 0.6357421875 0.021484375 0.0263671875
0 0.6484375 0.6259765625 0.0068359375 0.009765625
0 0.662109375 0.615234375 0.0087890625 0.0078125
0 0.7353515625 0.611328125 0.013671875 0.01171875
0 0.7421875 0.63671875 0.0283203125 0.0185546875
0 0.783203125 0.71484375 0.009765625 0.013671875
0 0.8310546875 0.703125 0.013671875 0.013671875
0 0.8974609375 0.7353515625 0.013671875 0.0107421875
0 0.7373046875 0.708984375 0.0107421875 0.0234375
0 0.73046875 0.6640625 0.0087890625 0.0107421875
0 0.7294921875 0.6796875 0.0126953125 0.013671875
0 0.7958984375 0.701171875 0.0078125 0.0126953125
0 0.9775390625 0.7353515625 0.0126953125 0.015625
0 0.9638671875 0.771484375 0.0146484375 0.0126953125
0 0.966796875 0.787109375 0.005859375 0.009765625
0 0.9169921875 0.7490234375 0.0068359375 0.009765625
0 0.9326171875 0.76953125 0.0048828125 0.0048828125
0 0.8779296875 0.7568359375 0.0107421875 0.0107421875
0 0.8681640625 0.759765625 0.0078125 0.0078125
0 0.865234375 0.77734375 0.009765625 0.0205078125
0 0.92578125 0.6318359375 0.005859375 0.01171875
0 0.9716796875 0.6552734375 0.0068359375 0.009765625
0 0.994140625 0.654296875 0.01171875 0.0078125
0 0.9033203125 0.984375 0.0126953125 0.017578125
0 0.5751953125 0.728515625 0.009765625 0.0146484375
0 0.5576171875 0.720703125 0.0244140625 0.017578125
0 0.556640625 0.7392578125 0.0244140625 0.013671875
0 0.521484375 0.54296875 0.013671875 0.0185546875
0 0.544921875 0.5302734375 0.0224609375 0.046875
0 0.607421875 0.533203125 0.0322265625 0.0263671875
0 0.5791015625 0.48828125 0.01171875 0.013671875
0 0.6328125 0.443359375 0.017578125 0.01953125
0 0.607421875 0.48046875 0.0322265625 0.0380859375
0 0.5947265625 0.525390625 0.0703125 0.0498046875
0 0.994140625 0.341796875 0.0107421875 0.01953125
0 0.8203125 0.23828125 0.0185546875 0.013671875
0 0.7626953125 0.326171875 0.01171875 0.0126953125
0 0.84765625 0.2783203125 0.0078125 0.0126953125
0 0.052734375 0.271484375 0.0341796875 0.0302734375
0 0.5693359375 0.18359375 0.0205078125 0.033203125
0 0.697265625 0.94140625 0.0224609375 0.029296875