0 0.5205078125 0.4091796875 0.0146484375 0.0263671875
0 0.5673828125 0.759765625 0.0126953125 0.0322265625
0 0.455078125 0.654296875 0.015625 0.02734375
0 0.5537109375 0.6318359375 0.01171875 0.013671875
0 0.568359375 0.654296875 0.0126953125 0.009765625
0 0.548828125 0.6474609375 0.01171875 0.01953125
0 0.623046875 0.6064453125 0.0126953125 0.0146484375
0 0.85546875 0.658203125 0.0146484375 0.0205078125
0 0.8798828125 0.7314453125 0.0078125 0.01171875
0 0.8798828125 0.7470703125 0.0068359375 0.0087890625
0 0.9716796875 0.6884765625 0.0087890625 0.0107421875
0 0.94921875 0.7041015625 0.009765625 0.0078125
0 0.568359375 0.4453125 0.0068359375 0.01171875
0 0.4208984375 0.5927734375 0.0107421875 0.0126953125
0 0.193359375 0.4609375 0.0107421875 0.01171875
0 0.5078125 0.5869140625 0.01171875 0.013671875
0 0.6875 0.4736328125 0.0146484375 0.0126953125
0 0.2421875 0.51171875 0.005859375 0.0068359375
0 0.6455078125 0.7421875 0.009765625 0.009765625
0 0.2646484375 0.515625 0.0068359375 0.0087890625
0 0.7734375 0.66796875 0.0078125 0.009765625
0 0.392578125 0.6904296875 0.0078125 0.0087890625
0 0.4189453125 0.9775390625 0.0087890625 0.0087890625
0 0.49609375 0.81640625 0.005859375 0.009765625
0 0.2021484375 0.658203125 0.0205078125 0.01953125
0 0.83203125 0.3681640625 0.005859375 0.0078125
0 0.3505859375 0.9365234375 0.009765625 0.0107421875
0 0.611328125 0.5341796875 0.033203125 0.0234375
0 0.81640625 0.3095703125 0.0078125 0.013671875
0 0.828125 0.3251953125 0.0048828125 0.005859375
0 0.78515625 0.744140625 0.0048828125 0.0068359375
0 0.599609375 0.53515625 0.0078125 0.0078125
0 0.314453125 0.556640625 0.029296875 0.0380859375
0 0.50390625 0.7919921875 0.01171875 0.0087890625
0 0.6015625 0.8154296875 0.0078125 0.01171875
0 0.62890625 0.7607421875 0.01171875 0.0087890625
0 0.6357421875 0.8623046875 0.0078125 0.015625
0 0.6708984375 0.875 0.0068359375 0.0087890625
0 0.6689453125 0.8349609375 0.0068359375 0.0068359375
0 0.6806640625 0.8603515625 0.0048828125 0.005859375
0 0.6884765625 0.8740234375 0.005859375 0.01171875
0 0.7236328125 0.896484375 0.0087890625 0.0048828125
0 0.6630859375 0.9072265625 0.0068359375 0.017578125
0 0.5986328125 0.92578125 0.005859375 0.0087890625
0 0.4521484375 0.890625 0.009765625 0.0087890625
0 0.3994140625 0.83984375 0.0087890625 0.0087890625
0 0.41015625 0.8349609375 0.0048828125 0.005859375
0 0.4609375 0.8515625 0.01171875 0.005859375
0 0.46875 0.77734375 0.005859375 0.0087890625
0 0.5068359375 0.7138671875 0.005859375 0.005859375
0 0.5439453125 0.759765625 0.0048828125 0.005859375
0 0.4345703125 0.921875 0.005859375 0.0078125
0 0.3212890625 0.8662109375 0.0087890625 0.0107421875
0 0.2841796875 0.7626953125 0.0048828125 0.009765625
0 0.3017578125 0.7470703125 0.0068359375 0.0087890625
0 0.2978515625 0.78515625 0.0146484375 0.0185546875
0 0.310546875 0.7802734375 0.0068359375 0.013671875
0 0.5185546875 0.994140625 0.0107421875 0.009765625
0 0.5185546875 0.6240234375 0.009765625 0.0146484375
0 0.6123046875 0.591796875 0.0087890625 0.0087890625
0 0.478515625 0.5126953125 0.0107421875 0.0185546875
0 0.51953125 0.2529296875 0.0107421875 0.009765625
0 0.5068359375 0.2705078125 0.005859375 0.0087890625
0 0.326171875 0.369140625 0.0087890625 0.0126953125
0 0.2626953125 0.3291015625 0.005859375 0.0078125
0 0.390625 0.4658203125 0.0078125 0.01171875
0 0.6865234375 0.9912109375 0.01953125 0.0166015625
0 0.7470703125 0.833984375 0.005859375 0.0126953125
0 0.7158203125 0.685546875 0.0078125 0.0146484375
0 0.7548828125 0.60546875 0.005859375 0.0078125
0 0.71875 0.564453125 0.005859375 0.0078125
0 0.611328125 0.5546875 0.0185546875 0.0146484375
0 0.630859375 0.5615234375 0.005859375 0.005859375
0 0.640625 0.564453125 0.0078125 0.0068359375
0 0.65625 0.474609375 0.009765625 0.015625
0 0.4677734375 0.34765625 0.02734375 0.029296875
0 0.578125 0.3759765625 0.0322265625 0.0302734375
0 0.6875 0.357421875 0.0234375 0.021484375
0 0.634765625 0.2529296875 0.0234375 0.0234375
0 0.4521484375 0.4296875 0.021484375 0.0263671875
0 0.3544921875 0.8037109375 0.01171875 0.01171875
0 0.505859375 0.9111328125 0.017578125 0.0146484375
0 0.212890625 0.8994140625 0.0107421875 0.01171875
0 0.666015625 0.6513671875 0.0224609375 0.0322265625
0 0.677734375 0.611328125 0.009765625 0.0224609375
0 0.6396484375 0.6484375 0.015625 0.015625
0 0.6904296875 0.65625 0.0126953125 0.017578125
0 0.744140625 0.865234375 0.0087890625 0.025390625
0 0.76171875 0.8662109375 0.0107421875 0.015625
0 0.7177734375 0.8076171875 0.0146484375 0.0205078125
0 0.7783203125 0.720703125 0.0224609375 0.03125
0 0.8798828125 0.9072265625 0.0224609375 0.03515625
0 0.8232421875 0.83203125 0.013671875 0.01171875
0 0.8359375 0.8427734375 0.0048828125 0.015625
0 0.91796875 0.7548828125 0.0087890625 0.015625
0 0.9033203125 0.7685546875 0.009765625 0.0087890625
0 0.1064453125 0.767578125 0.0546875 0.052734375
0 0.8740234375 0.505859375 0.0234375 0.0205078125
0 0.546875 0.513671875 0.0263671875 0.0361328125